Running 1m test @ http://localhost:8080
  4 threads and 4 connections
  Thread calibration: mean lat.: 1.668ms, rate sampling interval: 10ms
  Thread calibration: mean lat.: 1.182ms, rate sampling interval: 10ms
  Thread calibration: mean lat.: 1.273ms, rate sampling interval: 10ms
  Thread calibration: mean lat.: 1.276ms, rate sampling interval: 10ms
  Thread Stats   Avg      Stdev     Max   +/- Stdev
    Latency     1.20ms    1.42ms  46.37ms   96.89%
    Req/Sec     7.91k     0.92k   15.56k    78.16%
  Latency Distribution (HdrHistogram - Recorded Latency)
 50.000%    1.03ms
 75.000%    1.56ms
 90.000%    1.95ms
 99.000%    5.45ms
 99.900%   18.45ms
 99.990%   42.49ms
 99.999%   45.76ms
100.000%   46.40ms

  Detailed Percentile spectrum:
       Value   Percentile   TotalCount 1/(1-Percentile)

       0.039     0.000000           10         1.00
       0.287     0.100000       150373         1.11
       0.487     0.200000       300162         1.25
       0.678     0.300000       450128         1.43
       0.863     0.400000       600349         1.67
       1.035     0.500000       750677         2.00
       1.099     0.550000       826207         2.22
       1.184     0.600000       900102         2.50
       1.304     0.650000       975014         2.86
       1.430     0.700000      1050044         3.33
       1.557     0.750000      1125172         4.00
       1.621     0.775000      1162581         4.44
       1.686     0.800000      1199936         5.00
       1.751     0.825000      1237510         5.71
       1.817     0.850000      1275150         6.67
       1.883     0.875000      1312526         8.00
       1.917     0.887500      1331341         8.89
       1.952     0.900000      1350434        10.00
       1.986     0.912500      1368758        11.43
       2.021     0.925000      1387437        13.33
       2.061     0.937500      1406818        16.00
       2.081     0.943750      1416350        17.78
       2.101     0.950000      1425045        20.00
       2.143     0.956250      1434448        22.86
       2.305     0.962500      1443665        26.67
       2.607     0.968750      1453009        32.00
       2.799     0.971875      1457688        35.56
       3.033     0.975000      1462386        40.00
       3.317     0.978125      1467078        45.71
       3.681     0.981250      1471745        53.33
       4.111     0.984375      1476441        64.00
       4.395     0.985938      1478786        71.11
       4.747     0.987500      1481133        80.00
       5.163     0.989062      1483474        91.43
       5.691     0.990625      1485804       106.67
       6.511     0.992188      1488147       128.00
       6.991     0.992969      1489319       142.22
       7.539     0.993750      1490493       160.00
       8.263     0.994531      1491669       182.86
       9.231     0.995313      1492835       213.33
      10.487     0.996094      1494007       256.00
      11.135     0.996484      1494593       284.44
      11.879     0.996875      1495177       320.00
      12.799     0.997266      1495766       365.71
      13.735     0.997656      1496353       426.67
      14.839     0.998047      1496935       512.00
      15.407     0.998242      1497230       568.89
      16.119     0.998437      1497523       640.00
      16.975     0.998633      1497819       731.43
      17.807     0.998828      1498113       853.33
      18.495     0.999023      1498405      1024.00
      18.799     0.999121      1498549      1137.78
      19.231     0.999219      1498694      1280.00
      20.431     0.999316      1498840      1462.86
      22.047     0.999414      1498986      1706.67
      23.775     0.999512      1499132      2048.00
      25.855     0.999561      1499205      2275.56
      29.439     0.999609      1499279      2560.00
      32.863     0.999658      1499352      2925.71
      36.127     0.999707      1499425      3413.33
      38.047     0.999756      1499498      4096.00
      38.687     0.999780      1499535      4551.11
      39.615     0.999805      1499574      5120.00
      40.351     0.999829      1499611      5851.43
      41.151     0.999854      1499645      6826.67
      41.983     0.999878      1499682      8192.00
      42.303     0.999890      1499700      9102.22
      42.527     0.999902      1499718     10240.00
      42.911     0.999915      1499736     11702.86
      43.135     0.999927      1499756     13653.33
      43.487     0.999939      1499773     16384.00
      43.647     0.999945      1499784     18204.44
      43.775     0.999951      1499791     20480.00
      43.903     0.999957      1499801     23405.71
      44.031     0.999963      1499811     27306.67
      44.319     0.999969      1499819     32768.00
      44.511     0.999973      1499823     36408.89
      44.735     0.999976      1499828     40960.00
      44.959     0.999979      1499832     46811.43
      45.183     0.999982      1499837     54613.33
      45.439     0.999985      1499842     65536.00
      45.535     0.999986      1499844     72817.78
      45.631     0.999988      1499846     81920.00
      45.727     0.999989      1499848     93622.86
      45.823     0.999991      1499851    109226.67
      45.887     0.999992      1499853    131072.00
      45.951     0.999993      1499854    145635.56
      45.983     0.999994      1499855    163840.00
      46.047     0.999995      1499856    187245.71
      46.111     0.999995      1499858    218453.33
      46.175     0.999996      1499859    262144.00
      46.175     0.999997      1499859    291271.11
      46.207     0.999997      1499860    327680.00
      46.207     0.999997      1499860    374491.43
      46.271     0.999998      1499861    436906.67
      46.303     0.999998      1499862    524288.00
      46.303     0.999998      1499862    582542.22
      46.303     0.999998      1499862    655360.00
      46.303     0.999999      1499862    748982.86
      46.367     0.999999      1499863    873813.33
      46.367     0.999999      1499863   1048576.00
      46.367     0.999999      1499863   1165084.44
      46.367     0.999999      1499863   1310720.00
      46.367     0.999999      1499863   1497965.71
      46.399     0.999999      1499864   1747626.67
      46.399     1.000000      1499864          inf
#[Mean    =        1.199, StdDeviation   =        1.417]
#[Max     =       46.368, Total count    =      1499864]
#[Buckets =           27, SubBuckets     =         2048]
----------------------------------------------------------
  1799952 requests in 1.00m, 115.01MB read
Requests/sec:  29999.71
Transfer/sec:      1.92MB
