Running 1m test @ http://localhost:8080
  4 threads and 4 connections
  Thread calibration: mean lat.: 9.255ms, rate sampling interval: 24ms
  Thread calibration: mean lat.: 7.218ms, rate sampling interval: 18ms
  Thread calibration: mean lat.: 12.296ms, rate sampling interval: 29ms
  Thread calibration: mean lat.: 9.550ms, rate sampling interval: 23ms
  Thread Stats   Avg      Stdev     Max   +/- Stdev
    Latency     9.51ms    2.74ms  17.63ms   64.26%
    Req/Sec    50.60     18.44   117.00     82.16%
  Latency Distribution (HdrHistogram - Recorded Latency)
 50.000%    9.43ms
 75.000%   11.61ms
 90.000%   13.18ms
 99.000%   15.18ms
 99.900%   16.61ms
 99.990%   17.47ms
 99.999%   17.65ms
100.000%   17.65ms

  Detailed Percentile spectrum:
       Value   Percentile   TotalCount 1/(1-Percentile)

       1.987     0.000000            1         1.00
       5.903     0.100000         1002         1.11
       7.067     0.200000         2001         1.25
       7.927     0.300000         3002         1.43
       8.671     0.400000         4000         1.67
       9.431     0.500000         5000         2.00
       9.831     0.550000         5504         2.22
      10.239     0.600000         6006         2.50
      10.703     0.650000         6500         2.86
      11.151     0.700000         7002         3.33
      11.615     0.750000         7505         4.00
      11.839     0.775000         7751         4.44
      12.079     0.800000         8003         5.00
      12.327     0.825000         8250         5.71
      12.607     0.850000         8502         6.67
      12.871     0.875000         8754         8.00
      13.015     0.887500         8879         8.89
      13.175     0.900000         9004        10.00
      13.351     0.912500         9126        11.43
      13.535     0.925000         9253        13.33
      13.743     0.937500         9375        16.00
      13.855     0.943750         9440        17.78
      13.975     0.950000         9500        20.00
      14.095     0.956250         9565        22.86
      14.231     0.962500         9626        26.67
      14.367     0.968750         9689        32.00
      14.455     0.971875         9720        35.56
      14.535     0.975000         9750        40.00
      14.639     0.978125         9782        45.71
      14.727     0.981250         9813        53.33
      14.863     0.984375         9847        64.00
      14.959     0.985938         9860        71.11
      15.031     0.987500         9876        80.00
      15.119     0.989062         9891        91.43
      15.199     0.990625         9908       106.67
      15.319     0.992188         9922       128.00
      15.399     0.992969         9931       142.22
      15.463     0.993750         9938       160.00
      15.551     0.994531         9946       182.86
      15.679     0.995313         9954       213.33
      15.815     0.996094         9962       256.00
      15.927     0.996484         9966       284.44
      15.991     0.996875         9969       320.00
      16.047     0.997266         9973       365.71
      16.071     0.997656         9978       426.67
      16.119     0.998047         9981       512.00
      16.239     0.998242         9984       568.89
      16.287     0.998437         9985       640.00
      16.495     0.998633         9987       731.43
      16.543     0.998828         9989       853.33
      16.623     0.999023         9991      1024.00
      16.687     0.999121         9992      1137.78
      16.831     0.999219         9994      1280.00
      16.831     0.999316         9994      1462.86
      16.975     0.999414         9995      1706.67
      16.991     0.999512         9996      2048.00
      16.991     0.999561         9996      2275.56
      17.119     0.999609         9997      2560.00
      17.119     0.999658         9997      2925.71
      17.423     0.999707         9998      3413.33
      17.423     0.999756         9998      4096.00
      17.423     0.999780         9998      4551.11
      17.471     0.999805         9999      5120.00
      17.471     0.999829         9999      5851.43
      17.471     0.999854         9999      6826.67
      17.471     0.999878         9999      8192.00
      17.471     0.999890         9999      9102.22
      17.647     0.999902        10000     10240.00
      17.647     1.000000        10000          inf
#[Mean    =        9.511, StdDeviation   =        2.736]
#[Max     =       17.632, Total count    =        10000]
#[Buckets =           27, SubBuckets     =         2048]
----------------------------------------------------------
  12002 requests in 1.00m, 827.84KB read
Requests/sec:    200.01
Transfer/sec:     13.80KB
