Running 1m test @ http://localhost:8080
  4 threads and 4 connections
  Thread calibration: mean lat.: 3807.702ms, rate sampling interval: 13598ms
  Thread calibration: mean lat.: 4355.737ms, rate sampling interval: 15622ms
  Thread calibration: mean lat.: 3789.041ms, rate sampling interval: 13737ms
  Thread calibration: mean lat.: 4365.380ms, rate sampling interval: 15638ms
  Thread Stats   Avg      Stdev     Max   +/- Stdev
    Latency    27.68s    11.65s    0.87m    59.02%
    Req/Sec   470.08    147.79   637.00     58.33%
  Latency Distribution (HdrHistogram - Recorded Latency)
 50.000%   27.53s 
 75.000%   37.45s 
 90.000%   43.38s 
 99.000%   50.92s 
 99.900%    0.87m 
 99.990%    0.87m 
 99.999%    0.87m 
100.000%    0.87m 

  Detailed Percentile spectrum:
       Value   Percentile   TotalCount 1/(1-Percentile)

    7569.407     0.000000            2         1.00
   11788.287     0.100000         9395         1.11
   15687.679     0.200000        18785         1.25
   19595.263     0.300000        28170         1.43
   23609.343     0.400000        37552         1.67
   27525.119     0.500000        46929         2.00
   29573.119     0.550000        51649         2.22
   31539.199     0.600000        56324         2.50
   33521.663     0.650000        61031         2.86
   35520.511     0.700000        65780         3.33
   37453.823     0.750000        70443         4.00
   38436.863     0.775000        72758         4.44
   39419.903     0.800000        75149         5.00
   40402.943     0.825000        77513         5.71
   41320.447     0.850000        79788         6.67
   42369.023     0.875000        82167         8.00
   42893.311     0.887500        83359         8.89
   43384.831     0.900000        84536        10.00
   43909.119     0.912500        85689        11.43
   44433.407     0.925000        86871        13.33
   44892.159     0.937500        87990        16.00
   45154.303     0.943750        88584        17.78
   45776.895     0.950000        89174        20.00
   46596.095     0.956250        89761        22.86
   47480.831     0.962500        90345        26.67
   48300.031     0.968750        90946        32.00
   48693.247     0.971875        91228        35.56
   49020.927     0.975000        91508        40.00
   49446.911     0.978125        91826        45.71
   49774.591     0.981250        92105        53.33
   50167.807     0.984375        92386        64.00
   50397.183     0.985938        92544        71.11
   50626.559     0.987500        92703        80.00
   50790.399     0.989062        92834        91.43
   50987.007     0.990625        92976       106.67
   51216.383     0.992188        93126       128.00
   51314.687     0.992969        93205       142.22
   51380.223     0.993750        93264       160.00
   51478.527     0.994531        93338       182.86
   51609.599     0.995313        93424       213.33
   51707.903     0.996094        93489       256.00
   51773.439     0.996484        93531       284.44
   51838.975     0.996875        93582       320.00
   51871.743     0.997266        93603       365.71
   51937.279     0.997656        93646       426.67
   51970.047     0.998047        93667       512.00
   52002.815     0.998242        93694       568.89
   52035.583     0.998437        93714       640.00
   52068.351     0.998633        93736       731.43
   52101.119     0.998828        93756       853.33
   52133.887     0.999023        93780      1024.00
   52133.887     0.999121        93780      1137.78
   52133.887     0.999219        93780      1280.00
   52166.655     0.999316        93802      1462.86
   52166.655     0.999414        93802      1706.67
   52199.423     0.999512        93822      2048.00
   52199.423     0.999561        93822      2275.56
   52199.423     0.999609        93822      2560.00
   52199.423     0.999658        93822      2925.71
   52232.191     0.999707        93843      3413.33
   52232.191     0.999756        93843      4096.00
   52232.191     0.999780        93843      4551.11
   52232.191     0.999805        93843      5120.00
   52232.191     0.999829        93843      5851.43
   52232.191     0.999854        93843      6826.67
   52232.191     0.999878        93843      8192.00
   52232.191     0.999890        93843      9102.22
   52232.191     0.999902        93843     10240.00
   52232.191     0.999915        93843     11702.86
   52264.959     0.999927        93850     13653.33
   52264.959     1.000000        93850          inf
#[Mean    =    27683.688, StdDeviation   =    11654.866]
#[Max     =    52232.192, Total count    =        93850]
#[Buckets =           27, SubBuckets     =         2048]
----------------------------------------------------------
  112573 requests in 1.00m, 7.76MB read
Requests/sec:   1876.19
Transfer/sec:    132.38KB
