Running 1m test @ http://localhost:8080
  4 threads and 4 connections
  Thread calibration: mean lat.: 1.067ms, rate sampling interval: 10ms
  Thread calibration: mean lat.: 1.058ms, rate sampling interval: 10ms
  Thread calibration: mean lat.: 1.059ms, rate sampling interval: 10ms
  Thread calibration: mean lat.: 1.061ms, rate sampling interval: 10ms
  Thread Stats   Avg      Stdev     Max   +/- Stdev
    Latency     1.08ms    0.99ms  71.36ms   99.00%
    Req/Sec     2.64k   255.42    20.56k    82.27%
  Latency Distribution (HdrHistogram - Recorded Latency)
 50.000%    1.05ms
 75.000%    1.46ms
 90.000%    1.78ms
 99.000%    2.04ms
 99.900%    5.94ms
 99.990%   53.92ms
 99.999%   69.76ms
100.000%   71.42ms

  Detailed Percentile spectrum:
       Value   Percentile   TotalCount 1/(1-Percentile)

       0.037     0.000000            1         1.00
       0.335     0.100000        50197         1.11
       0.553     0.200000       100076         1.25
       0.769     0.300000       150079         1.43
       0.938     0.400000       200233         1.67
       1.053     0.500000       250272         2.00
       1.109     0.550000       275081         2.22
       1.167     0.600000       300092         2.50
       1.245     0.650000       325072         2.86
       1.349     0.700000       350065         3.33
       1.458     0.750000       375031         4.00
       1.511     0.775000       387521         4.44
       1.567     0.800000       400160         5.00
       1.621     0.825000       412637         5.71
       1.675     0.850000       425023         6.67
       1.729     0.875000       437500         8.00
       1.755     0.887500       443768         8.89
       1.782     0.900000       450087        10.00
       1.810     0.912500       456407        11.43
       1.839     0.925000       462655        13.33
       1.868     0.937500       468710        16.00
       1.883     0.943750       471895        17.78
       1.898     0.950000       474985        20.00
       1.913     0.956250       478152        22.86
       1.929     0.962500       481279        26.67
       1.946     0.968750       484345        32.00
       1.955     0.971875       485890        35.56
       1.965     0.975000       487506        40.00
       1.976     0.978125       489138        45.71
       1.987     0.981250       490598        53.33
       2.001     0.984375       492163        64.00
       2.009     0.985938       492947        71.11
       2.018     0.987500       493702        80.00
       2.030     0.989062       494491        91.43
       2.045     0.990625       495297       106.67
       2.069     0.992188       496041       128.00
       2.089     0.992969       496470       142.22
       2.113     0.993750       496821       160.00
       2.167     0.994531       497214       182.86
       2.271     0.995313       497600       213.33
       2.475     0.996094       497995       256.00
       2.621     0.996484       498191       284.44
       2.787     0.996875       498381       320.00
       3.063     0.997266       498578       365.71
       3.435     0.997656       498775       426.67
       3.869     0.998047       498967       512.00
       4.167     0.998242       499066       568.89
       4.539     0.998437       499162       640.00
       4.955     0.998633       499261       731.43
       5.471     0.998828       499358       853.33
       5.991     0.999023       499455      1024.00
       6.339     0.999121       499505      1137.78
       6.659     0.999219       499553      1280.00
       6.959     0.999316       499603      1462.86
       7.363     0.999414       499651      1706.67
       7.867     0.999512       499699      2048.00
       8.423     0.999561       499724      2275.56
      10.151     0.999609       499748      2560.00
      14.479     0.999658       499773      2925.71
      20.175     0.999707       499797      3413.33
      28.687     0.999756       499821      4096.00
      33.343     0.999780       499834      4551.11
      37.439     0.999805       499846      5120.00
      41.535     0.999829       499858      5851.43
      45.759     0.999854       499870      6826.67
      50.047     0.999878       499882      8192.00
      52.511     0.999890       499889      9102.22
      54.591     0.999902       499895     10240.00
      56.671     0.999915       499901     11702.86
      58.847     0.999927       499907     13653.33
      60.895     0.999939       499913     16384.00
      61.919     0.999945       499916     18204.44
      62.975     0.999951       499919     20480.00
      64.031     0.999957       499922     23405.71
      65.119     0.999963       499925     27306.67
      66.175     0.999969       499928     32768.00
      66.943     0.999973       499930     36408.89
      67.263     0.999976       499931     40960.00
      67.967     0.999979       499933     46811.43
      68.351     0.999982       499934     54613.33
      69.055     0.999985       499936     65536.00
      69.439     0.999986       499937     72817.78
      69.439     0.999988       499937     81920.00
      69.759     0.999989       499938     93622.86
      70.079     0.999991       499939    109226.67
      70.463     0.999992       499940    131072.00
      70.463     0.999993       499940    145635.56
      70.463     0.999994       499940    163840.00
      70.783     0.999995       499941    187245.71
      70.783     0.999995       499941    218453.33
      71.103     0.999996       499942    262144.00
      71.103     0.999997       499942    291271.11
      71.103     0.999997       499942    327680.00
      71.103     0.999997       499942    374491.43
      71.103     0.999998       499942    436906.67
      71.423     0.999998       499943    524288.00
      71.423     1.000000       499943          inf
#[Mean    =        1.080, StdDeviation   =        0.987]
#[Max     =       71.360, Total count    =       499943]
#[Buckets =           27, SubBuckets     =         2048]
----------------------------------------------------------
  599980 requests in 1.00m, 39.48MB read
  Non-2xx or 3xx responses: 599980
Requests/sec:   9999.81
Transfer/sec:    673.82KB
