Running 1m test @ http://localhost:8080
  4 threads and 4 connections
  Thread calibration: mean lat.: 1.100ms, rate sampling interval: 10ms
  Thread calibration: mean lat.: 1.096ms, rate sampling interval: 10ms
  Thread calibration: mean lat.: 1.106ms, rate sampling interval: 10ms
  Thread calibration: mean lat.: 1.123ms, rate sampling interval: 10ms
  Thread Stats   Avg      Stdev     Max   +/- Stdev
    Latency     1.11ms  739.29us  27.23ms   80.80%
    Req/Sec     2.64k   272.37     6.22k    85.38%
  Latency Distribution (HdrHistogram - Recorded Latency)
 50.000%    1.06ms
 75.000%    1.48ms
 90.000%    1.80ms
 99.000%    2.69ms
 99.900%    8.59ms
 99.990%   16.85ms
 99.999%   26.29ms
100.000%   27.25ms

  Detailed Percentile spectrum:
       Value   Percentile   TotalCount 1/(1-Percentile)

       0.041     0.000000            1         1.00
       0.342     0.100000        50202         1.11
       0.562     0.200000       100024         1.25
       0.776     0.300000       150179         1.43
       0.947     0.400000       199981         1.67
       1.061     0.500000       250180         2.00
       1.117     0.550000       275131         2.22
       1.177     0.600000       300082         2.50
       1.261     0.650000       325001         2.86
       1.366     0.700000       349982         3.33
       1.475     0.750000       375027         4.00
       1.529     0.775000       387525         4.44
       1.583     0.800000       400056         5.00
       1.638     0.825000       412590         5.71
       1.694     0.850000       424956         6.67
       1.749     0.875000       437452         8.00
       1.777     0.887500       443844         8.89
       1.804     0.900000       450070        10.00
       1.832     0.912500       456303        11.43
       1.860     0.925000       462453        13.33
       1.891     0.937500       468877        16.00
       1.906     0.943750       471890        17.78
       1.922     0.950000       474978        20.00
       1.940     0.956250       478150        22.86
       1.958     0.962500       481299        26.67
       1.977     0.968750       484333        32.00
       1.989     0.971875       485998        35.56
       2.001     0.975000       487527        40.00
       2.016     0.978125       489075        45.71
       2.037     0.981250       490620        53.33
       2.075     0.984375       492171        64.00
       2.107     0.985938       492915        71.11
       2.197     0.987500       493700        80.00
       2.461     0.989062       494476        91.43
       2.885     0.990625       495259       106.67
       3.493     0.992188       496037       128.00
       3.869     0.992969       496428       142.22
       4.263     0.993750       496818       160.00
       4.715     0.994531       497208       182.86
       5.211     0.995313       497600       213.33
       5.735     0.996094       497993       256.00
       6.003     0.996484       498185       284.44
       6.283     0.996875       498380       320.00
       6.595     0.997266       498577       365.71
       6.959     0.997656       498773       426.67
       7.327     0.998047       498968       512.00
       7.527     0.998242       499067       568.89
       7.763     0.998437       499161       640.00
       8.031     0.998633       499260       731.43
       8.303     0.998828       499357       853.33
       8.639     0.999023       499454      1024.00
       8.879     0.999121       499503      1137.78
       9.111     0.999219       499552      1280.00
       9.399     0.999316       499601      1462.86
       9.807     0.999414       499650      1706.67
      10.263     0.999512       499698      2048.00
      10.543     0.999561       499723      2275.56
      10.903     0.999609       499747      2560.00
      11.303     0.999658       499772      2925.71
      11.679     0.999707       499796      3413.33
      12.351     0.999756       499820      4096.00
      12.791     0.999780       499834      4551.11
      13.311     0.999805       499845      5120.00
      13.903     0.999829       499857      5851.43
      14.583     0.999854       499869      6826.67
      15.839     0.999878       499881      8192.00
      16.399     0.999890       499888      9102.22
      17.391     0.999902       499894     10240.00
      18.367     0.999915       499900     11702.86
      19.791     0.999927       499906     13653.33
      20.959     0.999939       499912     16384.00
      21.343     0.999945       499915     18204.44
      21.775     0.999951       499918     20480.00
      22.799     0.999957       499921     23405.71
      23.375     0.999963       499924     27306.67
      23.823     0.999969       499927     32768.00
      24.015     0.999973       499929     36408.89
      24.271     0.999976       499930     40960.00
      24.847     0.999979       499932     46811.43
      25.135     0.999982       499933     54613.33
      25.727     0.999985       499935     65536.00
      25.999     0.999986       499936     72817.78
      25.999     0.999988       499936     81920.00
      26.287     0.999989       499937     93622.86
      26.431     0.999991       499938    109226.67
      26.559     0.999992       499939    131072.00
      26.559     0.999993       499939    145635.56
      26.559     0.999994       499939    163840.00
      26.815     0.999995       499940    187245.71
      26.815     0.999995       499940    218453.33
      26.975     0.999996       499941    262144.00
      26.975     0.999997       499941    291271.11
      26.975     0.999997       499941    327680.00
      26.975     0.999997       499941    374491.43
      26.975     0.999998       499941    436906.67
      27.247     0.999998       499942    524288.00
      27.247     1.000000       499942          inf
#[Mean    =        1.107, StdDeviation   =        0.739]
#[Max     =       27.232, Total count    =       499942]
#[Buckets =           27, SubBuckets     =         2048]
----------------------------------------------------------
  599982 requests in 1.00m, 38.34MB read
Requests/sec:   9999.80
Transfer/sec:    654.28KB
