Running 1m test @ http://localhost:8080
  4 threads and 4 connections
  Thread calibration: mean lat.: 1.029ms, rate sampling interval: 10ms
  Thread calibration: mean lat.: 1.071ms, rate sampling interval: 10ms
  Thread calibration: mean lat.: 1.076ms, rate sampling interval: 10ms
  Thread calibration: mean lat.: 2938.030ms, rate sampling interval: 10887ms
  Thread Stats   Avg      Stdev     Max   +/- Stdev
    Latency     5.01s     9.66s   35.13s    83.19%
    Req/Sec     2.63k   288.38    15.67k    83.67%
  Latency Distribution (HdrHistogram - Recorded Latency)
 50.000%    1.26ms
 75.000%    3.76s 
 90.000%   23.05s 
 99.000%   33.88s 
 99.900%   35.03s 
 99.990%   35.13s 
 99.999%   35.16s 
100.000%   35.16s 

  Detailed Percentile spectrum:
       Value   Percentile   TotalCount 1/(1-Percentile)

       0.038     0.000000            1         1.00
       0.372     0.100000        51641         1.11
       0.676     0.200000       103195         1.25
       0.893     0.300000       154734         1.43
       1.047     0.400000       206278         1.67
       1.257     0.500000       257862         2.00
       1.405     0.550000       283581         2.22
       1.554     0.600000       309396         2.50
       1.705     0.650000       335258         2.86
       1.861     0.700000       360931         3.33
    3756.031     0.750000       386643         4.00
    7626.751     0.775000       399542         4.44
   10715.135     0.800000       412431         5.00
   13860.863     0.825000       425330         5.71
   16859.135     0.850000       438222         6.67
   20004.863     0.875000       451117         8.00
   21610.495     0.887500       457598         8.89
   23052.287     0.900000       464035        10.00
   24559.615     0.912500       470465        11.43
   26116.095     0.925000       476887        13.33
   27590.655     0.937500       483339        16.00
   28344.319     0.943750       486579        17.78
   29016.063     0.950000       489822        20.00
   29671.423     0.956250       493021        22.86
   30408.703     0.962500       496202        26.67
   31211.519     0.968750       499456        32.00
   31637.503     0.971875       501079        35.56
   32030.719     0.975000       502666        40.00
   32423.935     0.978125       504297        45.71
   32767.999     0.981250       505912        53.33
   33161.215     0.984375       507518        64.00
   33357.823     0.985938       508299        71.11
   33554.431     0.987500       509100        80.00
   33783.807     0.989062       510005        91.43
   33980.415     0.990625       510800       106.67
   34144.255     0.992188       511495       128.00
   34275.327     0.992969       512000       142.22
   34373.631     0.993750       512389       160.00
   34471.935     0.994531       512782       182.86
   34570.239     0.995313       513175       213.33
   34668.543     0.996094       513588       256.00
   34701.311     0.996484       513713       284.44
   34766.847     0.996875       513989       320.00
   34799.615     0.997266       514114       365.71
   34865.151     0.997656       514384       426.67
   34897.919     0.998047       514525       512.00
   34930.687     0.998242       514659       568.89
   34963.455     0.998437       514796       640.00
   34996.223     0.998633       514925       731.43
   34996.223     0.998828       514925       853.33
   35028.991     0.999023       515044      1024.00
   35061.759     0.999121       515203      1137.78
   35061.759     0.999219       515203      1280.00
   35061.759     0.999316       515203      1462.86
   35094.527     0.999414       515333      1706.67
   35094.527     0.999512       515333      2048.00
   35094.527     0.999561       515333      2275.56
   35094.527     0.999609       515333      2560.00
   35127.295     0.999658       515470      2925.71
   35127.295     0.999707       515470      3413.33
   35127.295     0.999756       515470      4096.00
   35127.295     0.999780       515470      4551.11
   35127.295     0.999805       515470      5120.00
   35127.295     0.999829       515470      5851.43
   35127.295     0.999854       515470      6826.67
   35127.295     0.999878       515470      8192.00
   35127.295     0.999890       515470      9102.22
   35160.063     0.999902       515522     10240.00
   35160.063     1.000000       515522          inf
#[Mean    =     5010.118, StdDeviation   =     9663.272]
#[Max     =    35127.296, Total count    =       515522]
#[Buckets =           27, SubBuckets     =         2048]
----------------------------------------------------------
  599986 requests in 1.00m, 35.48MB read
Requests/sec:   9999.76
Transfer/sec:    605.45KB
