Running 1m test @ http://localhost:8080
  4 threads and 4 connections
  Thread calibration: mean lat.: 1.047ms, rate sampling interval: 10ms
  Thread calibration: mean lat.: 1.042ms, rate sampling interval: 10ms
  Thread calibration: mean lat.: 1.051ms, rate sampling interval: 10ms
  Thread calibration: mean lat.: 1.054ms, rate sampling interval: 10ms
  Thread Stats   Avg      Stdev     Max   +/- Stdev
    Latency     1.04ms  549.55us  13.19ms   64.56%
    Req/Sec     2.64k   234.80     6.00k    72.73%
  Latency Distribution (HdrHistogram - Recorded Latency)
 50.000%    1.03ms
 75.000%    1.43ms
 90.000%    1.75ms
 99.000%    2.00ms
 99.900%    4.76ms
 99.990%    8.96ms
 99.999%   12.23ms
100.000%   13.20ms

  Detailed Percentile spectrum:
       Value   Percentile   TotalCount 1/(1-Percentile)

       0.030     0.000000            1         1.00
       0.317     0.100000        50117         1.11
       0.536     0.200000       100077         1.25
       0.753     0.300000       150070         1.43
       0.919     0.400000       200117         1.67
       1.033     0.500000       250309         2.00
       1.087     0.550000       275061         2.22
       1.142     0.600000       300136         2.50
       1.219     0.650000       325132         2.86
       1.324     0.700000       350135         3.33
       1.433     0.750000       375077         4.00
       1.486     0.775000       387664         4.44
       1.538     0.800000       400015         5.00
       1.593     0.825000       412485         5.71
       1.648     0.850000       425059         6.67
       1.702     0.875000       437528         8.00
       1.729     0.887500       443880         8.89
       1.755     0.900000       450017        10.00
       1.784     0.912500       456425        11.43
       1.811     0.925000       462673        13.33
       1.838     0.937500       468795        16.00
       1.852     0.943750       471974        17.78
       1.866     0.950000       475057        20.00
       1.881     0.956250       478279        22.86
       1.895     0.962500       481280        26.67
       1.911     0.968750       484482        32.00
       1.919     0.971875       485994        35.56
       1.928     0.975000       487562        40.00
       1.937     0.978125       489063        45.71
       1.949     0.981250       490678        53.33
       1.962     0.984375       492147        64.00
       1.970     0.985938       493006        71.11
       1.979     0.987500       493753        80.00
       1.990     0.989062       494525        91.43
       2.003     0.990625       495262       106.67
       2.023     0.992188       496044       128.00
       2.037     0.992969       496433       142.22
       2.057     0.993750       496832       160.00
       2.091     0.994531       497212       182.86
       2.155     0.995313       497607       213.33
       2.317     0.996094       497991       256.00
       2.423     0.996484       498186       284.44
       2.561     0.996875       498382       320.00
       2.743     0.997266       498578       365.71
       2.973     0.997656       498772       426.67
       3.313     0.998047       498970       512.00
       3.541     0.998242       499067       568.89
       3.767     0.998437       499162       640.00
       4.041     0.998633       499260       731.43
       4.363     0.998828       499358       853.33
       4.799     0.999023       499456      1024.00
       5.067     0.999121       499504      1137.78
       5.375     0.999219       499553      1280.00
       5.687     0.999316       499602      1462.86
       6.019     0.999414       499651      1706.67
       6.439     0.999512       499699      2048.00
       6.647     0.999561       499724      2275.56
       6.859     0.999609       499748      2560.00
       7.095     0.999658       499773      2925.71
       7.347     0.999707       499798      3413.33
       7.571     0.999756       499821      4096.00
       7.771     0.999780       499834      4551.11
       7.987     0.999805       499846      5120.00
       8.179     0.999829       499858      5851.43
       8.367     0.999854       499871      6826.67
       8.631     0.999878       499882      8192.00
       8.807     0.999890       499890      9102.22
       8.975     0.999902       499895     10240.00
       9.135     0.999915       499901     11702.86
       9.399     0.999927       499907     13653.33
       9.751     0.999939       499913     16384.00
      10.007     0.999945       499916     18204.44
      10.103     0.999951       499919     20480.00
      10.439     0.999957       499922     23405.71
      10.791     0.999963       499925     27306.67
      11.143     0.999969       499928     32768.00
      11.463     0.999973       499930     36408.89
      11.495     0.999976       499931     40960.00
      11.823     0.999979       499933     46811.43
      11.839     0.999982       499934     54613.33
      12.159     0.999985       499936     65536.00
      12.175     0.999986       499937     72817.78
      12.175     0.999988       499937     81920.00
      12.231     0.999989       499938     93622.86
      12.519     0.999991       499939    109226.67
      12.583     0.999992       499940    131072.00
      12.583     0.999993       499940    145635.56
      12.583     0.999994       499940    163840.00
      12.871     0.999995       499941    187245.71
      12.871     0.999995       499941    218453.33
      12.927     0.999996       499942    262144.00
      12.927     0.999997       499942    291271.11
      12.927     0.999997       499942    327680.00
      12.927     0.999997       499942    374491.43
      12.927     0.999998       499942    436906.67
      13.199     0.999998       499943    524288.00
      13.199     1.000000       499943          inf
#[Mean    =        1.045, StdDeviation   =        0.550]
#[Max     =       13.192, Total count    =       499943]
#[Buckets =           27, SubBuckets     =         2048]
----------------------------------------------------------
  599985 requests in 1.00m, 35.48MB read
Requests/sec:   9999.77
Transfer/sec:    605.45KB
