Running 1m test @ http://localhost:8080
  4 threads and 4 connections
  Thread calibration: mean lat.: 2.123ms, rate sampling interval: 10ms
  Thread calibration: mean lat.: 2.092ms, rate sampling interval: 10ms
  Thread calibration: mean lat.: 2.105ms, rate sampling interval: 10ms
  Thread calibration: mean lat.: 2.011ms, rate sampling interval: 10ms
  Thread Stats   Avg      Stdev     Max   +/- Stdev
    Latency     2.16ms    1.80ms  65.31ms   98.76%
    Req/Sec   263.30     56.37   777.00     55.91%
  Latency Distribution (HdrHistogram - Recorded Latency)
 50.000%    2.03ms
 75.000%    2.39ms
 90.000%    2.74ms
 99.000%    4.33ms
 99.900%   35.94ms
 99.990%   62.69ms
 99.999%   65.34ms
100.000%   65.34ms

  Detailed Percentile spectrum:
       Value   Percentile   TotalCount 1/(1-Percentile)

       0.943     0.000000            1         1.00
       1.453     0.100000         5009         1.11
       1.635     0.200000        10000         1.25
       1.781     0.300000        15040         1.43
       1.910     0.400000        20004         1.67
       2.031     0.500000        25021         2.00
       2.091     0.550000        27498         2.22
       2.161     0.600000        30027         2.50
       2.231     0.650000        32563         2.86
       2.305     0.700000        35010         3.33
       2.395     0.750000        37536         4.00
       2.437     0.775000        38756         4.44
       2.485     0.800000        39998         5.00
       2.537     0.825000        41257         5.71
       2.595     0.850000        42510         6.67
       2.661     0.875000        43751         8.00
       2.701     0.887500        44402         8.89
       2.741     0.900000        45000        10.00
       2.791     0.912500        45636        11.43
       2.845     0.925000        46255        13.33
       2.911     0.937500        46883        16.00
       2.947     0.943750        47188        17.78
       2.991     0.950000        47504        20.00
       3.039     0.956250        47815        22.86
       3.101     0.962500        48121        26.67
       3.177     0.968750        48435        32.00
       3.223     0.971875        48593        35.56
       3.281     0.975000        48749        40.00
       3.349     0.978125        48903        45.71
       3.447     0.981250        49058        53.33
       3.619     0.984375        49216        64.00
       3.791     0.985938        49293        71.11
       3.943     0.987500        49371        80.00
       4.187     0.989062        49449        91.43
       4.459     0.990625        49528       106.67
       4.803     0.992188        49606       128.00
       5.039     0.992969        49644       142.22
       5.267     0.993750        49683       160.00
       5.555     0.994531        49722       182.86
       5.895     0.995313        49763       213.33
       6.187     0.996094        49800       256.00
       6.411     0.996484        49820       284.44
       6.595     0.996875        49841       320.00
       6.919     0.997266        49859       365.71
       7.323     0.997656        49878       426.67
       8.471     0.998047        49899       512.00
      12.391     0.998242        49908       568.89
      18.559     0.998437        49917       640.00
      24.495     0.998633        49927       731.43
      30.847     0.998828        49937       853.33
      36.639     0.999023        49947      1024.00
      39.967     0.999121        49952      1137.78
      42.527     0.999219        49956      1280.00
      45.759     0.999316        49961      1462.86
      48.767     0.999414        49966      1706.67
      51.423     0.999512        49971      2048.00
      53.567     0.999561        49974      2275.56
      55.327     0.999609        49976      2560.00
      55.903     0.999658        49978      2925.71
      57.823     0.999707        49981      3413.33
      58.655     0.999756        49983      4096.00
      60.159     0.999780        49985      4551.11
      60.319     0.999805        49986      5120.00
      60.767     0.999829        49987      5851.43
      62.399     0.999854        49988      6826.67
      62.431     0.999878        49989      8192.00
      62.687     0.999890        49990      9102.22
      63.007     0.999902        49991     10240.00
      63.007     0.999915        49991     11702.86
      64.639     0.999927        49992     13653.33
      64.639     0.999939        49992     16384.00
      64.863     0.999945        49993     18204.44
      64.863     0.999951        49993     20480.00
      64.863     0.999957        49993     23405.71
      64.927     0.999963        49994     27306.67
      64.927     0.999969        49994     32768.00
      64.927     0.999973        49994     36408.89
      64.927     0.999976        49994     40960.00
      64.927     0.999979        49994     46811.43
      65.343     0.999982        49995     54613.33
      65.343     1.000000        49995          inf
#[Mean    =        2.161, StdDeviation   =        1.803]
#[Max     =       65.312, Total count    =        49995]
#[Buckets =           27, SubBuckets     =         2048]
----------------------------------------------------------
  60003 requests in 1.00m, 4.10MB read
Requests/sec:   1000.02
Transfer/sec:     69.92KB
