Running 1m test @ http://localhost:8080
  4 threads and 4 connections
  Thread calibration: mean lat.: 0.882ms, rate sampling interval: 10ms
  Thread calibration: mean lat.: 0.888ms, rate sampling interval: 10ms
  Thread calibration: mean lat.: 0.875ms, rate sampling interval: 10ms
  Thread calibration: mean lat.: 0.874ms, rate sampling interval: 10ms
  Thread Stats   Avg      Stdev     Max   +/- Stdev
    Latency     0.89ms  311.56us   7.78ms   61.70%
    Req/Sec   261.35     43.81   400.00     84.71%
  Latency Distribution (HdrHistogram - Recorded Latency)
 50.000%    0.89ms
 75.000%    1.14ms
 90.000%    1.30ms
 99.000%    1.45ms
 99.900%    2.13ms
 99.990%    4.89ms
 99.999%    7.78ms
100.000%    7.78ms

  Detailed Percentile spectrum:
       Value   Percentile   TotalCount 1/(1-Percentile)

       0.152     0.000000            1         1.00
       0.482     0.100000         5003         1.11
       0.585     0.200000        10032         1.25
       0.688     0.300000        15034         1.43
       0.785     0.400000        20011         1.67
       0.886     0.500000        25019         2.00
       0.938     0.550000        27534         2.22
       0.990     0.600000        30025         2.50
       1.041     0.650000        32537         2.86
       1.090     0.700000        35027         3.33
       1.141     0.750000        37543         4.00
       1.166     0.775000        38748         4.44
       1.192     0.800000        40009         5.00
       1.219     0.825000        41248         5.71
       1.245     0.850000        42527         6.67
       1.272     0.875000        43782         8.00
       1.285     0.887500        44407         8.89
       1.298     0.900000        45022        10.00
       1.312     0.912500        45641        11.43
       1.326     0.925000        46289        13.33
       1.339     0.937500        46885        16.00
       1.346     0.943750        47196        17.78
       1.355     0.950000        47530        20.00
       1.364     0.956250        47821        22.86
       1.375     0.962500        48136        26.67
       1.387     0.968750        48454        32.00
       1.393     0.971875        48607        35.56
       1.399     0.975000        48768        40.00
       1.405     0.978125        48911        45.71
       1.413     0.981250        49068        53.33
       1.423     0.984375        49225        64.00
       1.428     0.985938        49298        71.11
       1.435     0.987500        49380        80.00
       1.441     0.989062        49455        91.43
       1.449     0.990625        49529       106.67
       1.462     0.992188        49606       128.00
       1.470     0.992969        49647       142.22
       1.477     0.993750        49688       160.00
       1.486     0.994531        49725       182.86
       1.498     0.995313        49762       213.33
       1.513     0.996094        49801       256.00
       1.519     0.996484        49821       284.44
       1.532     0.996875        49840       320.00
       1.545     0.997266        49861       365.71
       1.576     0.997656        49879       426.67
       1.622     0.998047        49899       512.00
       1.647     0.998242        49909       568.89
       1.691     0.998437        49918       640.00
       1.824     0.998633        49928       731.43
       1.992     0.998828        49938       853.33
       2.273     0.999023        49948      1024.00
       2.515     0.999121        49953      1137.78
       2.605     0.999219        49957      1280.00
       2.647     0.999316        49962      1462.86
       2.697     0.999414        49967      1706.67
       2.735     0.999512        49972      2048.00
       2.767     0.999561        49975      2275.56
       2.799     0.999609        49977      2560.00
       2.849     0.999658        49979      2925.71
       3.053     0.999707        49982      3413.33
       3.089     0.999756        49984      4096.00
       3.293     0.999780        49986      4551.11
       4.107     0.999805        49987      5120.00
       4.119     0.999829        49988      5851.43
       4.295     0.999854        49989      6826.67
       4.395     0.999878        49990      8192.00
       4.887     0.999890        49991      9102.22
       5.631     0.999902        49992     10240.00
       5.631     0.999915        49992     11702.86
       6.075     0.999927        49993     13653.33
       6.075     0.999939        49993     16384.00
       6.967     0.999945        49994     18204.44
       6.967     0.999951        49994     20480.00
       6.967     0.999957        49994     23405.71
       7.671     0.999963        49995     27306.67
       7.671     0.999969        49995     32768.00
       7.671     0.999973        49995     36408.89
       7.671     0.999976        49995     40960.00
       7.671     0.999979        49995     46811.43
       7.783     0.999982        49996     54613.33
       7.783     1.000000        49996          inf
#[Mean    =        0.891, StdDeviation   =        0.312]
#[Max     =        7.780, Total count    =        49996]
#[Buckets =           27, SubBuckets     =         2048]
----------------------------------------------------------
  59754 requests in 1.00m, 3.93MB read
  Non-2xx or 3xx responses: 59754
Requests/sec:    995.90
Transfer/sec:     67.11KB
