Running 1m test @ http://localhost:8080
  4 threads and 4 connections
  Thread calibration: mean lat.: 1.144ms, rate sampling interval: 10ms
  Thread calibration: mean lat.: 1.082ms, rate sampling interval: 10ms
  Thread calibration: mean lat.: 1.042ms, rate sampling interval: 10ms
  Thread calibration: mean lat.: 1.065ms, rate sampling interval: 10ms
  Thread Stats   Avg      Stdev     Max   +/- Stdev
    Latency     1.12ms    1.33ms  76.61ms   99.46%
    Req/Sec   262.53     54.24     2.10k    62.60%
  Latency Distribution (HdrHistogram - Recorded Latency)
 50.000%    1.08ms
 75.000%    1.33ms
 90.000%    1.54ms
 99.000%    2.05ms
 99.900%    4.96ms
 99.990%   68.29ms
 99.999%   76.67ms
100.000%   76.67ms

  Detailed Percentile spectrum:
       Value   Percentile   TotalCount 1/(1-Percentile)

       0.141     0.000000            1         1.00
       0.609     0.100000         5004         1.11
       0.756     0.200000        10005         1.25
       0.874     0.300000        15021         1.43
       0.981     0.400000        20036         1.67
       1.081     0.500000        25054         2.00
       1.128     0.550000        27509         2.22
       1.177     0.600000        30016         2.50
       1.225     0.650000        32523         2.86
       1.277     0.700000        35012         3.33
       1.329     0.750000        37530         4.00
       1.356     0.775000        38764         4.44
       1.385     0.800000        40012         5.00
       1.417     0.825000        41267         5.71
       1.452     0.850000        42513         6.67
       1.492     0.875000        43773         8.00
       1.514     0.887500        44386         8.89
       1.541     0.900000        45015        10.00
       1.569     0.912500        45630        11.43
       1.603     0.925000        46263        13.33
       1.640     0.937500        46885        16.00
       1.660     0.943750        47184        17.78
       1.683     0.950000        47497        20.00
       1.710     0.956250        47821        22.86
       1.740     0.962500        48127        26.67
       1.775     0.968750        48436        32.00
       1.796     0.971875        48592        35.56
       1.819     0.975000        48747        40.00
       1.845     0.978125        48908        45.71
       1.877     0.981250        49059        53.33
       1.925     0.984375        49216        64.00
       1.946     0.985938        49294        71.11
       1.975     0.987500        49371        80.00
       2.016     0.989062        49451        91.43
       2.067     0.990625        49529       106.67
       2.135     0.992188        49606       128.00
       2.189     0.992969        49644       142.22
       2.271     0.993750        49683       160.00
       2.429     0.994531        49722       182.86
       2.701     0.995313        49762       213.33
       2.953     0.996094        49800       256.00
       3.101     0.996484        49820       284.44
       3.221     0.996875        49839       320.00
       3.383     0.997266        49859       365.71
       3.581     0.997656        49878       426.67
       3.785     0.998047        49899       512.00
       3.885     0.998242        49908       568.89
       4.029     0.998437        49917       640.00
       4.287     0.998633        49927       731.43
       4.679     0.998828        49937       853.33
       5.127     0.999023        49947      1024.00
       5.639     0.999121        49952      1137.78
       6.975     0.999219        49956      1280.00
      11.855     0.999316        49961      1462.86
      22.687     0.999414        49966      1706.67
      31.231     0.999512        49971      2048.00
      37.951     0.999561        49974      2275.56
      41.727     0.999609        49976      2560.00
      45.631     0.999658        49978      2925.71
      50.303     0.999707        49981      3413.33
      54.143     0.999756        49983      4096.00
      57.791     0.999780        49985      4551.11
      60.831     0.999805        49986      5120.00
      61.535     0.999829        49987      5851.43
      64.607     0.999854        49988      6826.67
      65.311     0.999878        49989      8192.00
      68.287     0.999890        49990      9102.22
      69.055     0.999902        49991     10240.00
      69.055     0.999915        49991     11702.86
      72.127     0.999927        49992     13653.33
      72.127     0.999939        49992     16384.00
      72.895     0.999945        49993     18204.44
      72.895     0.999951        49993     20480.00
      72.895     0.999957        49993     23405.71
      75.903     0.999963        49994     27306.67
      75.903     0.999969        49994     32768.00
      75.903     0.999973        49994     36408.89
      75.903     0.999976        49994     40960.00
      75.903     0.999979        49994     46811.43
      76.671     0.999982        49995     54613.33
      76.671     1.000000        49995          inf
#[Mean    =        1.121, StdDeviation   =        1.327]
#[Max     =       76.608, Total count    =        49995]
#[Buckets =           27, SubBuckets     =         2048]
----------------------------------------------------------
  60004 requests in 1.00m, 3.83MB read
Requests/sec:   1000.05
Transfer/sec:     65.43KB
