Running 1m test @ http://localhost:8080
  4 threads and 4 connections
  Thread calibration: mean lat.: 0.678ms, rate sampling interval: 10ms
  Thread calibration: mean lat.: 0.679ms, rate sampling interval: 10ms
  Thread calibration: mean lat.: 0.666ms, rate sampling interval: 10ms
  Thread calibration: mean lat.: 0.670ms, rate sampling interval: 10ms
  Thread Stats   Avg      Stdev     Max   +/- Stdev
    Latency   683.98us  329.94us   5.87ms   64.53%
    Req/Sec   262.28     52.25   444.00     57.39%
  Latency Distribution (HdrHistogram - Recorded Latency)
 50.000%  679.00us
 75.000%    0.93ms
 90.000%    1.08ms
 99.000%    1.23ms
 99.900%    3.34ms
 99.990%    5.24ms
 99.999%    5.87ms
100.000%    5.87ms

  Detailed Percentile spectrum:
       Value   Percentile   TotalCount 1/(1-Percentile)

       0.093     0.000000            2         1.00
       0.264     0.100000         5002         1.11
       0.373     0.200000        10005         1.25
       0.471     0.300000        15052         1.43
       0.584     0.400000        20022         1.67
       0.679     0.500000        25042         2.00
       0.729     0.550000        27506         2.22
       0.784     0.600000        30048         2.50
       0.836     0.650000        32525         2.86
       0.880     0.700000        35038         3.33
       0.931     0.750000        37527         4.00
       0.955     0.775000        38788         4.44
       0.982     0.800000        40033         5.00
       1.008     0.825000        41266         5.71
       1.033     0.850000        42498         6.67
       1.058     0.875000        43786         8.00
       1.069     0.887500        44421         8.89
       1.079     0.900000        45055        10.00
       1.089     0.912500        45645        11.43
       1.100     0.925000        46261        13.33
       1.113     0.937500        46906        16.00
       1.120     0.943750        47214        17.78
       1.127     0.950000        47531        20.00
       1.134     0.956250        47814        22.86
       1.142     0.962500        48148        26.67
       1.154     0.968750        48454        32.00
       1.159     0.971875        48595        35.56
       1.166     0.975000        48753        40.00
       1.174     0.978125        48912        45.71
       1.183     0.981250        49069        53.33
       1.194     0.984375        49218        64.00
       1.201     0.985938        49293        71.11
       1.211     0.987500        49375        80.00
       1.225     0.989062        49452        91.43
       1.243     0.990625        49529       106.67
       1.280     0.992188        49606       128.00
       1.331     0.992969        49645       142.22
       1.388     0.993750        49683       160.00
       1.457     0.994531        49722       182.86
       1.556     0.995313        49761       213.33
       1.701     0.996094        49800       256.00
       1.744     0.996484        49821       284.44
       1.827     0.996875        49840       320.00
       1.917     0.997266        49859       365.71
       2.169     0.997656        49878       426.67
       2.509     0.998047        49898       512.00
       2.859     0.998242        49908       568.89
       2.929     0.998437        49917       640.00
       3.087     0.998633        49927       731.43
       3.275     0.998828        49937       853.33
       3.383     0.999023        49947      1024.00
       3.479     0.999121        49953      1137.78
       3.539     0.999219        49956      1280.00
       3.659     0.999316        49961      1462.86
       3.845     0.999414        49966      1706.67
       4.017     0.999512        49971      2048.00
       4.095     0.999561        49975      2275.56
       4.099     0.999609        49976      2560.00
       4.163     0.999658        49978      2925.71
       4.295     0.999707        49981      3413.33
       4.467     0.999756        49983      4096.00
       4.731     0.999780        49985      4551.11
       4.743     0.999805        49986      5120.00
       5.019     0.999829        49987      5851.43
       5.035     0.999854        49988      6826.67
       5.239     0.999878        49990      8192.00
       5.239     0.999890        49990      9102.22
       5.543     0.999902        49991     10240.00
       5.543     0.999915        49991     11702.86
       5.615     0.999927        49993     13653.33
       5.615     0.999939        49993     16384.00
       5.615     0.999945        49993     18204.44
       5.615     0.999951        49993     20480.00
       5.615     0.999957        49993     23405.71
       5.643     0.999963        49994     27306.67
       5.643     0.999969        49994     32768.00
       5.643     0.999973        49994     36408.89
       5.643     0.999976        49994     40960.00
       5.643     0.999979        49994     46811.43
       5.871     0.999982        49995     54613.33
       5.871     1.000000        49995          inf
#[Mean    =        0.684, StdDeviation   =        0.330]
#[Max     =        5.868, Total count    =        49995]
#[Buckets =           27, SubBuckets     =         2048]
----------------------------------------------------------
  60004 requests in 1.00m, 3.55MB read
Requests/sec:   1000.05
Transfer/sec:     60.55KB
