Running 1m test @ http://localhost:8080
  4 threads and 4 connections
  Thread calibration: mean lat.: 1.041ms, rate sampling interval: 10ms
  Thread calibration: mean lat.: 1.019ms, rate sampling interval: 10ms
  Thread calibration: mean lat.: 0.970ms, rate sampling interval: 10ms
  Thread calibration: mean lat.: 0.990ms, rate sampling interval: 10ms
  Thread Stats   Avg      Stdev     Max   +/- Stdev
    Latency     1.08ms    1.20ms  72.90ms   99.87%
    Req/Sec   262.89     51.03   555.00     61.95%
  Latency Distribution (HdrHistogram - Recorded Latency)
 50.000%    1.05ms
 75.000%    1.30ms
 90.000%    1.47ms
 99.000%    1.77ms
 99.900%    2.56ms
 99.990%   64.22ms
 99.999%   72.96ms
100.000%   72.96ms

  Detailed Percentile spectrum:
       Value   Percentile   TotalCount 1/(1-Percentile)

       0.132     0.000000            1         1.00
       0.619     0.100000         5003         1.11
       0.745     0.200000        10024         1.25
       0.852     0.300000        15040         1.43
       0.954     0.400000        20017         1.67
       1.052     0.500000        25037         2.00
       1.101     0.550000        27507         2.22
       1.152     0.600000        30019         2.50
       1.202     0.650000        32520         2.86
       1.250     0.700000        35016         3.33
       1.297     0.750000        37520         4.00
       1.323     0.775000        38793         4.44
       1.348     0.800000        40034         5.00
       1.372     0.825000        41281         5.71
       1.401     0.850000        42497         6.67
       1.431     0.875000        43781         8.00
       1.447     0.887500        44400         8.89
       1.465     0.900000        45015        10.00
       1.485     0.912500        45623        11.43
       1.507     0.925000        46274        13.33
       1.533     0.937500        46881        16.00
       1.547     0.943750        47199        17.78
       1.564     0.950000        47510        20.00
       1.581     0.956250        47818        22.86
       1.601     0.962500        48128        26.67
       1.623     0.968750        48442        32.00
       1.637     0.971875        48593        35.56
       1.654     0.975000        48748        40.00
       1.672     0.978125        48907        45.71
       1.691     0.981250        49062        53.33
       1.712     0.984375        49216        64.00
       1.724     0.985938        49293        71.11
       1.739     0.987500        49371        80.00
       1.754     0.989062        49455        91.43
       1.774     0.990625        49532       106.67
       1.796     0.992188        49605       128.00
       1.811     0.992969        49644       142.22
       1.837     0.993750        49684       160.00
       1.859     0.994531        49727       182.86
       1.881     0.995313        49761       213.33
       1.903     0.996094        49800       256.00
       1.923     0.996484        49820       284.44
       1.943     0.996875        49840       320.00
       1.969     0.997266        49860       365.71
       1.993     0.997656        49878       426.67
       2.049     0.998047        49899       512.00
       2.095     0.998242        49908       568.89
       2.195     0.998437        49917       640.00
       2.271     0.998633        49927       731.43
       2.425     0.998828        49938       853.33
       2.729     0.999023        49947      1024.00
       2.937     0.999121        49952      1137.78
       3.065     0.999219        49956      1280.00
       5.215     0.999316        49961      1462.86
      16.319     0.999414        49966      1706.67
      25.647     0.999512        49971      2048.00
      31.263     0.999561        49974      2275.56
      35.359     0.999609        49976      2560.00
      40.383     0.999658        49978      2925.71
      45.631     0.999707        49981      3413.33
      49.439     0.999756        49983      4096.00
      53.407     0.999780        49985      4551.11
      55.999     0.999805        49986      5120.00
      57.471     0.999829        49987      5851.43
      60.095     0.999854        49988      6826.67
      61.631     0.999878        49989      8192.00
      64.223     0.999890        49990      9102.22
      65.535     0.999902        49991     10240.00
      65.535     0.999915        49991     11702.86
      67.263     0.999927        49992     13653.33
      67.263     0.999939        49992     16384.00
      69.823     0.999945        49993     18204.44
      69.823     0.999951        49993     20480.00
      69.823     0.999957        49993     23405.71
      71.423     0.999963        49994     27306.67
      71.423     0.999969        49994     32768.00
      71.423     0.999973        49994     36408.89
      71.423     0.999976        49994     40960.00
      71.423     0.999979        49994     46811.43
      72.959     0.999982        49995     54613.33
      72.959     1.000000        49995          inf
#[Mean    =        1.077, StdDeviation   =        1.199]
#[Max     =       72.896, Total count    =        49995]
#[Buckets =           27, SubBuckets     =         2048]
----------------------------------------------------------
  60004 requests in 1.00m, 3.55MB read
Requests/sec:   1000.04
Transfer/sec:     60.55KB
