Running 1m test @ http://localhost:8080
  4 threads and 4 connections
  Thread calibration: mean lat.: 1.543ms, rate sampling interval: 10ms
  Thread calibration: mean lat.: 1.535ms, rate sampling interval: 10ms
  Thread calibration: mean lat.: 1.489ms, rate sampling interval: 10ms
  Thread calibration: mean lat.: 1.401ms, rate sampling interval: 10ms
  Thread Stats   Avg      Stdev     Max   +/- Stdev
    Latency     1.57ms    1.96ms  74.50ms   98.07%
    Req/Sec   264.12     59.72     1.22k    58.15%
  Latency Distribution (HdrHistogram - Recorded Latency)
 50.000%    1.40ms
 75.000%    1.70ms
 90.000%    2.00ms
 99.000%    5.52ms
 99.900%   35.29ms
 99.990%   69.38ms
 99.999%   74.56ms
100.000%   74.56ms

  Detailed Percentile spectrum:
       Value   Percentile   TotalCount 1/(1-Percentile)

       0.240     0.000000            1         1.00
       0.941     0.100000         5026         1.11
       1.073     0.200000         9999         1.25
       1.186     0.300000        15019         1.43
       1.290     0.400000        20006         1.67
       1.397     0.500000        25020         2.00
       1.452     0.550000        27501         2.22
       1.510     0.600000        30035         2.50
       1.569     0.650000        32536         2.86
       1.629     0.700000        35017         3.33
       1.696     0.750000        37542         4.00
       1.728     0.775000        38761         4.44
       1.766     0.800000        40022         5.00
       1.806     0.825000        41246         5.71
       1.857     0.850000        42501         6.67
       1.919     0.875000        43760         8.00
       1.957     0.887500        44373         8.89
       2.001     0.900000        45006        10.00
       2.055     0.912500        45623        11.43
       2.123     0.925000        46249        13.33
       2.205     0.937500        46872        16.00
       2.257     0.943750        47189        17.78
       2.325     0.950000        47498        20.00
       2.405     0.956250        47813        22.86
       2.513     0.962500        48125        26.67
       2.703     0.968750        48439        32.00
       2.829     0.971875        48590        35.56
       3.019     0.975000        48747        40.00
       3.287     0.978125        48902        45.71
       3.611     0.981250        49058        53.33
       4.055     0.984375        49214        64.00
       4.355     0.985938        49295        71.11
       4.827     0.987500        49371        80.00
       5.227     0.989062        49449        91.43
       5.763     0.990625        49527       106.67
       6.267     0.992188        49607       128.00
       6.627     0.992969        49645       142.22
       6.911     0.993750        49683       160.00
       7.279     0.994531        49722       182.86
       7.623     0.995313        49761       213.33
       8.271     0.996094        49801       256.00
       8.479     0.996484        49820       284.44
       8.967     0.996875        49839       320.00
       9.383     0.997266        49859       365.71
       9.903     0.997656        49880       426.67
      10.607     0.998047        49898       512.00
      11.639     0.998242        49908       568.89
      13.327     0.998437        49917       640.00
      21.855     0.998633        49927       731.43
      29.151     0.998828        49937       853.33
      36.639     0.999023        49947      1024.00
      40.927     0.999121        49952      1137.78
      43.359     0.999219        49956      1280.00
      46.655     0.999316        49961      1462.86
      50.335     0.999414        49966      1706.67
      54.719     0.999512        49971      2048.00
      56.799     0.999561        49974      2275.56
      58.975     0.999609        49976      2560.00
      59.967     0.999658        49978      2925.71
      62.591     0.999707        49981      3413.33
      64.575     0.999756        49983      4096.00
      66.047     0.999780        49985      4551.11
      66.623     0.999805        49986      5120.00
      67.711     0.999829        49987      5851.43
      68.671     0.999854        49988      6826.67
      68.735     0.999878        49989      8192.00
      69.375     0.999890        49990      9102.22
      70.143     0.999902        49991     10240.00
      70.143     0.999915        49991     11702.86
      71.039     0.999927        49992     13653.33
      71.039     0.999939        49992     16384.00
      71.487     0.999945        49993     18204.44
      71.487     0.999951        49993     20480.00
      71.487     0.999957        49993     23405.71
      71.999     0.999963        49994     27306.67
      71.999     0.999969        49994     32768.00
      71.999     0.999973        49994     36408.89
      71.999     0.999976        49994     40960.00
      71.999     0.999979        49994     46811.43
      74.559     0.999982        49995     54613.33
      74.559     1.000000        49995          inf
#[Mean    =        1.573, StdDeviation   =        1.961]
#[Max     =       74.496, Total count    =        49995]
#[Buckets =           27, SubBuckets     =         2048]
----------------------------------------------------------
  60004 requests in 1.00m, 3.83MB read
Requests/sec:    999.99
Transfer/sec:     65.43KB
