Running 1m test @ http://localhost:8080
  4 threads and 4 connections
  Thread calibration: mean lat.: 1.549ms, rate sampling interval: 10ms
  Thread calibration: mean lat.: 1.526ms, rate sampling interval: 10ms
  Thread calibration: mean lat.: 1.565ms, rate sampling interval: 10ms
  Thread calibration: mean lat.: 1.449ms, rate sampling interval: 10ms
  Thread Stats   Avg      Stdev     Max   +/- Stdev
    Latency     1.59ms  773.14us  13.46ms   87.54%
    Req/Sec   218.09    113.13   555.00     63.75%
  Latency Distribution (HdrHistogram - Recorded Latency)
 50.000%    1.47ms
 75.000%    1.78ms
 90.000%    2.16ms
 99.000%    4.89ms
 99.900%    8.18ms
 99.990%   10.79ms
 99.999%   13.46ms
100.000%   13.46ms

  Detailed Percentile spectrum:
       Value   Percentile   TotalCount 1/(1-Percentile)

       0.410     0.000000            1         1.00
       0.937     0.100000         4148         1.11
       1.111     0.200000         8288         1.25
       1.243     0.300000        12443         1.43
       1.356     0.400000        16547         1.67
       1.467     0.500000        20687         2.00
       1.526     0.550000        22768         2.22
       1.588     0.600000        24843         2.50
       1.648     0.650000        26911         2.86
       1.714     0.700000        28977         3.33
       1.785     0.750000        31042         4.00
       1.827     0.775000        32078         4.44
       1.871     0.800000        33099         5.00
       1.921     0.825000        34137         5.71
       1.982     0.850000        35175         6.67
       2.059     0.875000        36203         8.00
       2.105     0.887500        36711         8.89
       2.165     0.900000        37232        10.00
       2.235     0.912500        37757        11.43
       2.339     0.925000        38268        13.33
       2.487     0.937500        38784        16.00
       2.605     0.943750        39040        17.78
       2.735     0.950000        39296        20.00
       2.891     0.956250        39555        22.86
       3.083     0.962500        39815        26.67
       3.299     0.968750        40072        32.00
       3.429     0.971875        40203        35.56
       3.573     0.975000        40331        40.00
       3.737     0.978125        40463        45.71
       3.907     0.981250        40589        53.33
       4.131     0.984375        40722        64.00
       4.271     0.985938        40784        71.11
       4.503     0.987500        40847        80.00
       4.719     0.989062        40912        91.43
       5.035     0.990625        40977       106.67
       5.399     0.992188        41041       128.00
       5.587     0.992969        41074       142.22
       5.827     0.993750        41108       160.00
       6.135     0.994531        41138       182.86
       6.351     0.995313        41171       213.33
       6.623     0.996094        41203       256.00
       6.831     0.996484        41220       284.44
       6.975     0.996875        41235       320.00
       7.115     0.997266        41251       365.71
       7.327     0.997656        41268       426.67
       7.511     0.998047        41284       512.00
       7.703     0.998242        41292       568.89
       7.843     0.998437        41301       640.00
       7.915     0.998633        41308       731.43
       8.071     0.998828        41316       853.33
       8.215     0.999023        41324      1024.00
       8.287     0.999121        41328      1137.78
       8.551     0.999219        41332      1280.00
       8.687     0.999316        41336      1462.86
       9.039     0.999414        41340      1706.67
       9.631     0.999512        41344      2048.00
       9.727     0.999561        41346      2275.56
       9.839     0.999609        41348      2560.00
      10.015     0.999658        41350      2925.71
      10.215     0.999707        41352      3413.33
      10.311     0.999756        41354      4096.00
      10.439     0.999780        41355      4551.11
      10.487     0.999805        41356      5120.00
      10.551     0.999829        41357      5851.43
      10.623     0.999854        41358      6826.67
      10.647     0.999878        41359      8192.00
      10.791     0.999890        41360      9102.22
      10.791     0.999902        41360     10240.00
      10.823     0.999915        41361     11702.86
      10.823     0.999927        41361     13653.33
      10.863     0.999939        41362     16384.00
      10.863     0.999945        41362     18204.44
      10.863     0.999951        41362     20480.00
      11.855     0.999957        41363     23405.71
      11.855     0.999963        41363     27306.67
      11.855     0.999969        41363     32768.00
      11.855     0.999973        41363     36408.89
      11.855     0.999976        41363     40960.00
      13.463     0.999979        41364     46811.43
      13.463     1.000000        41364          inf
#[Mean    =        1.589, StdDeviation   =        0.773]
#[Max     =       13.456, Total count    =        41364]
#[Buckets =           27, SubBuckets     =         2048]
----------------------------------------------------------
  51371 requests in 1.00m, 3.28MB read
  Socket errors: connect 0, read 0, write 0, timeout 16
Requests/sec:    856.09
Transfer/sec:     56.01KB
