Running 1m test @ http://localhost:8080
  4 threads and 4 connections
  Thread calibration: mean lat.: 1.102ms, rate sampling interval: 10ms
  Thread calibration: mean lat.: 1.117ms, rate sampling interval: 10ms
  Thread calibration: mean lat.: 1.103ms, rate sampling interval: 10ms
  Thread calibration: mean lat.: 1.115ms, rate sampling interval: 10ms
  Thread Stats   Avg      Stdev     Max   +/- Stdev
    Latency     1.11ms  613.59us  15.62ms   69.52%
    Req/Sec     2.64k   244.34     5.50k    72.13%
  Latency Distribution (HdrHistogram - Recorded Latency)
 50.000%    1.08ms
 75.000%    1.50ms
 90.000%    1.82ms
 99.000%    2.22ms
 99.900%    6.53ms
 99.990%    9.87ms
 99.999%   14.30ms
100.000%   15.63ms

  Detailed Percentile spectrum:
       Value   Percentile   TotalCount 1/(1-Percentile)

       0.057     0.000000            1         1.00
       0.362     0.100000        50042         1.11
       0.582     0.200000       100082         1.25
       0.795     0.300000       150181         1.43
       0.966     0.400000       200210         1.67
       1.079     0.500000       250209         2.00
       1.135     0.550000       275100         2.22
       1.197     0.600000       300220         2.50
       1.287     0.650000       325028         2.86
       1.391     0.700000       350090         3.33
       1.499     0.750000       374997         4.00
       1.553     0.775000       387612         4.44
       1.605     0.800000       399968         5.00
       1.658     0.825000       412584         5.71
       1.713     0.850000       425058         6.67
       1.769     0.875000       437487         8.00
       1.796     0.887500       443877         8.89
       1.823     0.900000       450092        10.00
       1.849     0.912500       456240        11.43
       1.877     0.925000       462519        13.33
       1.906     0.937500       468799        16.00
       1.921     0.943750       471899        17.78
       1.937     0.950000       475038        20.00
       1.953     0.956250       478184        22.86
       1.970     0.962500       481338        26.67
       1.988     0.968750       484369        32.00
       1.999     0.971875       486008        35.56
       2.011     0.975000       487565        40.00
       2.024     0.978125       489048        45.71
       2.042     0.981250       490607        53.33
       2.067     0.984375       492148        64.00
       2.087     0.985938       492979        71.11
       2.115     0.987500       493730        80.00
       2.167     0.989062       494498        91.43
       2.291     0.990625       495274       106.67
       2.515     0.992188       496043       128.00
       2.679     0.992969       496432       142.22
       2.885     0.993750       496823       160.00
       3.181     0.994531       497212       182.86
       3.531     0.995313       497603       213.33
       3.933     0.996094       497994       256.00
       4.167     0.996484       498191       284.44
       4.439     0.996875       498384       320.00
       4.719     0.997266       498579       365.71
       5.051     0.997656       498777       426.67
       5.387     0.998047       498970       512.00
       5.563     0.998242       499069       568.89
       5.767     0.998437       499166       640.00
       5.999     0.998633       499263       731.43
       6.255     0.998828       499361       853.33
       6.587     0.999023       499459      1024.00
       6.763     0.999121       499507      1137.78
       6.975     0.999219       499557      1280.00
       7.227     0.999316       499605      1462.86
       7.487     0.999414       499654      1706.67
       7.767     0.999512       499702      2048.00
       7.979     0.999561       499727      2275.56
       8.159     0.999609       499752      2560.00
       8.407     0.999658       499777      2925.71
       8.607     0.999707       499801      3413.33
       8.815     0.999756       499824      4096.00
       8.919     0.999780       499837      4551.11
       9.015     0.999805       499849      5120.00
       9.167     0.999829       499861      5851.43
       9.327     0.999854       499873      6826.67
       9.583     0.999878       499886      8192.00
       9.735     0.999890       499892      9102.22
       9.967     0.999902       499898     10240.00
      10.151     0.999915       499904     11702.86
      10.599     0.999927       499910     13653.33
      11.047     0.999939       499916     16384.00
      11.375     0.999945       499919     18204.44
      11.703     0.999951       499922     20480.00
      11.951     0.999957       499925     23405.71
      12.135     0.999963       499928     27306.67
      12.471     0.999969       499931     32768.00
      12.807     0.999973       499933     36408.89
      13.135     0.999976       499934     40960.00
      13.439     0.999979       499936     46811.43
      13.623     0.999982       499937     54613.33
      13.967     0.999985       499939     65536.00
      14.063     0.999986       499940     72817.78
      14.063     0.999988       499940     81920.00
      14.303     0.999989       499941     93622.86
      14.639     0.999991       499942    109226.67
      14.887     0.999992       499943    131072.00
      14.887     0.999993       499943    145635.56
      14.887     0.999994       499943    163840.00
      14.975     0.999995       499944    187245.71
      14.975     0.999995       499944    218453.33
      15.303     0.999996       499945    262144.00
      15.303     0.999997       499945    291271.11
      15.303     0.999997       499945    327680.00
      15.303     0.999997       499945    374491.43
      15.303     0.999998       499945    436906.67
      15.631     0.999998       499946    524288.00
      15.631     1.000000       499946          inf
#[Mean    =        1.110, StdDeviation   =        0.614]
#[Max     =       15.624, Total count    =       499946]
#[Buckets =           27, SubBuckets     =         2048]
----------------------------------------------------------
  599984 requests in 1.00m, 39.48MB read
  Non-2xx or 3xx responses: 599984
Requests/sec:   9999.70
Transfer/sec:    673.81KB
