Running 1m test @ http://localhost:8080
  4 threads and 4 connections
  Thread calibration: mean lat.: 3760.569ms, rate sampling interval: 13361ms
  Thread calibration: mean lat.: 3720.434ms, rate sampling interval: 13320ms
  Thread calibration: mean lat.: 3734.717ms, rate sampling interval: 13320ms
  Thread calibration: mean lat.: 3737.273ms, rate sampling interval: 13352ms
  Thread Stats   Avg      Stdev     Max   +/- Stdev
    Latency    25.98s    10.74s   44.43s    57.57%
    Req/Sec   646.92      4.41   656.00     75.00%
  Latency Distribution (HdrHistogram - Recorded Latency)
 50.000%   26.03s 
 75.000%   35.32s 
 90.000%   40.80s 
 99.000%   44.07s 
 99.900%   44.40s 
 99.990%   44.47s 
 99.999%   44.47s 
100.000%   44.47s 

  Detailed Percentile spectrum:
       Value   Percentile   TotalCount 1/(1-Percentile)

    7397.375     0.000000            2         1.00
   11018.239     0.100000        13007         1.11
   14770.175     0.200000        25993         1.25
   18563.071     0.300000        38996         1.43
   22347.775     0.400000        52006         1.67
   26034.175     0.500000        64975         2.00
   27951.103     0.550000        71494         2.22
   29835.263     0.600000        77973         2.50
   31670.271     0.650000        84486         2.86
   33488.895     0.700000        90989         3.33
   35323.903     0.750000        97503         4.00
   36241.407     0.775000       100719         4.44
   37158.911     0.800000       103999         5.00
   38076.415     0.825000       107263         5.71
   38961.151     0.850000       110443         6.67
   39878.655     0.875000       113719         8.00
   40337.407     0.887500       115342         8.89
   40796.159     0.900000       116991        10.00
   41254.911     0.912500       118641        11.43
   41680.895     0.925000       120190        13.33
   42139.647     0.937500       121827        16.00
   42369.023     0.943750       122626        17.78
   42598.399     0.950000       123463        20.00
   42827.775     0.956250       124281        22.86
   43057.151     0.962500       125096        26.67
   43286.527     0.968750       125908        32.00
   43417.599     0.971875       126379        35.56
   43515.903     0.975000       126739        40.00
   43614.207     0.978125       127088        45.71
   43745.279     0.981250       127547        53.33
   43843.583     0.984375       127895        64.00
   43909.119     0.985938       128132        71.11
   43974.655     0.987500       128369        80.00
   44040.191     0.989062       128611        91.43
   44072.959     0.990625       128733       106.67
   44138.495     0.992188       128972       128.00
   44171.263     0.992969       129092       142.22
   44204.031     0.993750       129211       160.00
   44204.031     0.994531       129211       182.86
   44236.799     0.995313       129334       213.33
   44269.567     0.996094       129455       256.00
   44302.335     0.996484       129567       284.44
   44302.335     0.996875       129567       320.00
   44302.335     0.997266       129567       365.71
   44335.103     0.997656       129687       426.67
   44335.103     0.998047       129687       512.00
   44335.103     0.998242       129687       568.89
   44367.871     0.998437       129776       640.00
   44367.871     0.998633       129776       731.43
   44367.871     0.998828       129776       853.33
   44400.639     0.999023       129828      1024.00
   44400.639     0.999121       129828      1137.78
   44400.639     0.999219       129828      1280.00
   44400.639     0.999316       129828      1462.86
   44433.407     0.999414       129890      1706.67
   44433.407     0.999512       129890      2048.00
   44433.407     0.999561       129890      2275.56
   44433.407     0.999609       129890      2560.00
   44433.407     0.999658       129890      2925.71
   44433.407     0.999707       129890      3413.33
   44433.407     0.999756       129890      4096.00
   44433.407     0.999780       129890      4551.11
   44433.407     0.999805       129890      5120.00
   44466.175     0.999829       129915      5851.43
   44466.175     1.000000       129915          inf
#[Mean    =    25981.479, StdDeviation   =    10735.508]
#[Max     =    44433.408, Total count    =       129915]
#[Buckets =           27, SubBuckets     =         2048]
----------------------------------------------------------
  155992 requests in 1.00m, 10.78MB read
Requests/sec:   2599.90
Transfer/sec:    183.97KB
