Running 1m test @ http://localhost:8080
  4 threads and 4 connections
  Thread calibration: mean lat.: 1.156ms, rate sampling interval: 10ms
  Thread calibration: mean lat.: 1.163ms, rate sampling interval: 10ms
  Thread calibration: mean lat.: 1.139ms, rate sampling interval: 10ms
  Thread calibration: mean lat.: 1.136ms, rate sampling interval: 10ms
  Thread Stats   Avg      Stdev     Max   +/- Stdev
    Latency     1.22ms    1.94ms  69.95ms   98.59%
    Req/Sec     2.64k   335.43     9.44k    79.73%
  Latency Distribution (HdrHistogram - Recorded Latency)
 50.000%    1.08ms
 75.000%    1.51ms
 90.000%    1.84ms
 99.000%    4.42ms
 99.900%   35.55ms
 99.990%   66.50ms
 99.999%   69.63ms
100.000%   70.01ms

  Detailed Percentile spectrum:
       Value   Percentile   TotalCount 1/(1-Percentile)

       0.055     0.000000            1         1.00
       0.366     0.100000        50177         1.11
       0.588     0.200000       100144         1.25
       0.801     0.300000       150005         1.43
       0.968     0.400000       200073         1.67
       1.084     0.500000       250397         2.00
       1.140     0.550000       275141         2.22
       1.205     0.600000       300152         2.50
       1.302     0.650000       324978         2.86
       1.406     0.700000       350130         3.33
       1.515     0.750000       374978         4.00
       1.569     0.775000       387595         4.44
       1.622     0.800000       400139         5.00
       1.676     0.825000       412693         5.71
       1.731     0.850000       425024         6.67
       1.786     0.875000       437572         8.00
       1.813     0.887500       443916         8.89
       1.840     0.900000       450162        10.00
       1.867     0.912500       456229        11.43
       1.896     0.925000       462490        13.33
       1.928     0.937500       468778        16.00
       1.945     0.943750       471956        17.78
       1.962     0.950000       475010        20.00
       1.981     0.956250       478121        22.86
       2.003     0.962500       481259        26.67
       2.032     0.968750       484368        32.00
       2.055     0.971875       485990        35.56
       2.087     0.975000       487511        40.00
       2.157     0.978125       489045        45.71
       2.383     0.981250       490592        53.33
       2.821     0.984375       492148        64.00
       3.165     0.985938       492933        71.11
       3.593     0.987500       493709        80.00
       4.099     0.989062       494501        91.43
       4.659     0.990625       495274       106.67
       5.295     0.992188       496054       128.00
       5.647     0.992969       496446       142.22
       6.007     0.993750       496834       160.00
       6.431     0.994531       497224       182.86
       6.951     0.995313       497615       213.33
       7.591     0.996094       498007       256.00
       8.015     0.996484       498202       284.44
       8.567     0.996875       498397       320.00
       9.327     0.997266       498592       365.71
      10.415     0.997656       498787       426.67
      12.183     0.998047       498982       512.00
      13.295     0.998242       499080       568.89
      16.607     0.998437       499177       640.00
      23.343     0.998633       499275       731.43
      30.111     0.998828       499373       853.33
      36.287     0.999023       499470      1024.00
      39.775     0.999121       499519      1137.78
      43.103     0.999219       499568      1280.00
      46.335     0.999316       499617      1462.86
      49.823     0.999414       499666      1706.67
      53.247     0.999512       499714      2048.00
      54.815     0.999561       499739      2275.56
      56.447     0.999609       499763      2560.00
      58.239     0.999658       499788      2925.71
      59.935     0.999707       499812      3413.33
      61.471     0.999756       499836      4096.00
      62.431     0.999780       499850      4551.11
      63.199     0.999805       499861      5120.00
      64.063     0.999829       499873      5851.43
      64.863     0.999854       499885      6826.67
      65.663     0.999878       499897      8192.00
      66.175     0.999890       499904      9102.22
      66.623     0.999902       499910     10240.00
      67.071     0.999915       499916     11702.86
      67.391     0.999927       499922     13653.33
      67.903     0.999939       499928     16384.00
      68.095     0.999945       499931     18204.44
      68.287     0.999951       499934     20480.00
      68.543     0.999957       499938     23405.71
      68.735     0.999963       499940     27306.67
      68.863     0.999969       499943     32768.00
      69.055     0.999973       499945     36408.89
      69.119     0.999976       499946     40960.00
      69.183     0.999979       499948     46811.43
      69.439     0.999982       499951     54613.33
      69.439     0.999985       499951     65536.00
      69.631     0.999986       499953     72817.78
      69.631     0.999988       499953     81920.00
      69.631     0.999989       499953     93622.86
      69.759     0.999991       499955    109226.67
      69.759     0.999992       499955    131072.00
      69.759     0.999993       499955    145635.56
      69.759     0.999994       499955    163840.00
      69.823     0.999995       499956    187245.71
      69.823     0.999995       499956    218453.33
      69.951     0.999996       499957    262144.00
      69.951     0.999997       499957    291271.11
      69.951     0.999997       499957    327680.00
      69.951     0.999997       499957    374491.43
      69.951     0.999998       499957    436906.67
      70.015     0.999998       499958    524288.00
      70.015     1.000000       499958          inf
#[Mean    =        1.215, StdDeviation   =        1.938]
#[Max     =       69.952, Total count    =       499958]
#[Buckets =           27, SubBuckets     =         2048]
----------------------------------------------------------
  599996 requests in 1.00m, 38.34MB read
Requests/sec:   9999.91
Transfer/sec:    654.29KB
