Running 1m test @ http://localhost:8080
  4 threads and 4 connections
  Thread calibration: mean lat.: 1.011ms, rate sampling interval: 10ms
  Thread calibration: mean lat.: 1.029ms, rate sampling interval: 10ms
  Thread calibration: mean lat.: 1.032ms, rate sampling interval: 10ms
  Thread calibration: mean lat.: 1.025ms, rate sampling interval: 10ms
  Thread Stats   Avg      Stdev     Max   +/- Stdev
    Latency     1.05ms    0.92ms  30.10ms   95.30%
    Req/Sec     2.62k   276.74     9.22k    83.57%
  Latency Distribution (HdrHistogram - Recorded Latency)
 50.000%    0.99ms
 75.000%    1.39ms
 90.000%    1.72ms
 99.000%    2.63ms
 99.900%   13.28ms
 99.990%   28.08ms
 99.999%   29.81ms
100.000%   30.11ms

  Detailed Percentile spectrum:
       Value   Percentile   TotalCount 1/(1-Percentile)

       0.040     0.000000            1         1.00
       0.290     0.100000        50090         1.11
       0.511     0.200000       100181         1.25
       0.729     0.300000       150062         1.43
       0.882     0.400000       200173         1.67
       0.994     0.500000       250372         2.00
       1.049     0.550000       275065         2.22
       1.106     0.600000       300352         2.50
       1.179     0.650000       325102         2.86
       1.283     0.700000       350061         3.33
       1.390     0.750000       374962         4.00
       1.444     0.775000       387629         4.44
       1.500     0.800000       400156         5.00
       1.555     0.825000       412645         5.71
       1.609     0.850000       424968         6.67
       1.664     0.875000       437652         8.00
       1.691     0.887500       443847         8.89
       1.718     0.900000       449988        10.00
       1.745     0.912500       456272        11.43
       1.773     0.925000       462658        13.33
       1.801     0.937500       468891        16.00
       1.815     0.943750       472057        17.78
       1.828     0.950000       475123        20.00
       1.842     0.956250       478096        22.86
       1.857     0.962500       481255        26.67
       1.876     0.968750       484417        32.00
       1.889     0.971875       485964        35.56
       1.906     0.975000       487471        40.00
       1.931     0.978125       489019        45.71
       1.975     0.981250       490583        53.33
       2.079     0.984375       492150        64.00
       2.169     0.985938       492919        71.11
       2.311     0.987500       493700        80.00
       2.483     0.989062       494477        91.43
       2.737     0.990625       495260       106.67
       3.193     0.992188       496043       128.00
       3.501     0.992969       496435       142.22
       3.859     0.993750       496824       160.00
       4.259     0.994531       497212       182.86
       4.787     0.995313       497602       213.33
       5.391     0.996094       497996       256.00
       5.703     0.996484       498190       284.44
       6.047     0.996875       498384       320.00
       6.447     0.997266       498578       365.71
       6.927     0.997656       498775       426.67
       7.535     0.998047       498972       512.00
       7.967     0.998242       499067       568.89
       8.583     0.998437       499164       640.00
       9.687     0.998633       499263       731.43
      11.183     0.998828       499360       853.33
      13.567     0.999023       499457      1024.00
      14.751     0.999121       499507      1137.78
      15.959     0.999219       499555      1280.00
      17.519     0.999316       499604      1462.86
      19.359     0.999414       499653      1706.67
      21.151     0.999512       499701      2048.00
      22.095     0.999561       499728      2275.56
      22.991     0.999609       499750      2560.00
      23.919     0.999658       499775      2925.71
      24.783     0.999707       499799      3413.33
      25.631     0.999756       499823      4096.00
      26.063     0.999780       499836      4551.11
      26.399     0.999805       499848      5120.00
      26.799     0.999829       499860      5851.43
      27.247     0.999854       499872      6826.67
      27.727     0.999878       499884      8192.00
      27.903     0.999890       499891      9102.22
      28.159     0.999902       499897     10240.00
      28.351     0.999915       499903     11702.86
      28.559     0.999927       499909     13653.33
      28.783     0.999939       499915     16384.00
      28.831     0.999945       499918     18204.44
      28.943     0.999951       499921     20480.00
      29.119     0.999957       499924     23405.71
      29.167     0.999963       499927     27306.67
      29.311     0.999969       499930     32768.00
      29.423     0.999973       499932     36408.89
      29.439     0.999976       499933     40960.00
      29.551     0.999979       499935     46811.43
      29.567     0.999982       499936     54613.33
      29.759     0.999985       499938     65536.00
      29.775     0.999986       499939     72817.78
      29.775     0.999988       499939     81920.00
      29.807     0.999989       499940     93622.86
      29.839     0.999991       499941    109226.67
      30.063     0.999992       499942    131072.00
      30.063     0.999993       499942    145635.56
      30.063     0.999994       499942    163840.00
      30.079     0.999995       499943    187245.71
      30.079     0.999995       499943    218453.33
      30.095     0.999996       499944    262144.00
      30.095     0.999997       499944    291271.11
      30.095     0.999997       499944    327680.00
      30.095     0.999997       499944    374491.43
      30.095     0.999998       499944    436906.67
      30.111     0.999998       499945    524288.00
      30.111     1.000000       499945          inf
#[Mean    =        1.050, StdDeviation   =        0.920]
#[Max     =       30.096, Total count    =       499945]
#[Buckets =           27, SubBuckets     =         2048]
----------------------------------------------------------
  599990 requests in 1.00m, 35.48MB read
Requests/sec:   9999.87
Transfer/sec:    605.46KB
