Running 1m test @ http://localhost:8080
  4 threads and 4 connections
  Thread calibration: mean lat.: 1.041ms, rate sampling interval: 10ms
  Thread calibration: mean lat.: 1.072ms, rate sampling interval: 10ms
  Thread calibration: mean lat.: 1.065ms, rate sampling interval: 10ms
  Thread calibration: mean lat.: 1.053ms, rate sampling interval: 10ms
  Thread Stats   Avg      Stdev     Max   +/- Stdev
    Latency     1.07ms    1.02ms  71.94ms   98.72%
    Req/Sec     2.64k   291.03    22.22k    81.19%
  Latency Distribution (HdrHistogram - Recorded Latency)
 50.000%    1.03ms
 75.000%    1.43ms
 90.000%    1.76ms
 99.000%    2.26ms
 99.900%    7.33ms
 99.990%   54.11ms
 99.999%   70.27ms
100.000%   72.00ms

  Detailed Percentile spectrum:
       Value   Percentile   TotalCount 1/(1-Percentile)

       0.030     0.000000            2         1.00
       0.314     0.100000        50016         1.11
       0.536     0.200000       100081         1.25
       0.754     0.300000       150064         1.43
       0.916     0.400000       200251         1.67
       1.029     0.500000       250118         2.00
       1.084     0.550000       275235         2.22
       1.142     0.600000       300256         2.50
       1.221     0.650000       325015         2.86
       1.328     0.700000       350065         3.33
       1.435     0.750000       375063         4.00
       1.488     0.775000       387686         4.44
       1.542     0.800000       399971         5.00
       1.597     0.825000       412522         5.71
       1.653     0.850000       425078         6.67
       1.708     0.875000       437682         8.00
       1.734     0.887500       443913         8.89
       1.760     0.900000       450024        10.00
       1.787     0.912500       456307        11.43
       1.815     0.925000       462668        13.33
       1.843     0.937500       468720        16.00
       1.858     0.943750       471914        17.78
       1.874     0.950000       475121        20.00
       1.890     0.956250       478192        22.86
       1.907     0.962500       481266        26.67
       1.926     0.968750       484451        32.00
       1.937     0.971875       486000        35.56
       1.949     0.975000       487460        40.00
       1.965     0.978125       489082        45.71
       1.985     0.981250       490618        53.33
       2.014     0.984375       492134        64.00
       2.039     0.985938       492938        71.11
       2.083     0.987500       493715        80.00
       2.169     0.989062       494484        91.43
       2.333     0.990625       495262       106.67
       2.579     0.992188       496040       128.00
       2.739     0.992969       496435       142.22
       2.943     0.993750       496823       160.00
       3.181     0.994531       497213       182.86
       3.485     0.995313       497605       213.33
       3.891     0.996094       497995       256.00
       4.119     0.996484       498188       284.44
       4.383     0.996875       498384       320.00
       4.703     0.997266       498578       365.71
       5.123     0.997656       498778       426.67
       5.651     0.998047       498969       512.00
       5.939     0.998242       499068       568.89
       6.239     0.998437       499165       640.00
       6.603     0.998633       499263       731.43
       6.983     0.998828       499361       853.33
       7.419     0.999023       499457      1024.00
       7.675     0.999121       499506      1137.78
       7.963     0.999219       499555      1280.00
       8.391     0.999316       499604      1462.86
       8.887     0.999414       499653      1706.67
       9.599     0.999512       499703      2048.00
      10.279     0.999561       499727      2275.56
      11.631     0.999609       499750      2560.00
      14.191     0.999658       499775      2925.71
      19.535     0.999707       499799      3413.33
      28.063     0.999756       499823      4096.00
      32.687     0.999780       499836      4551.11
      37.055     0.999805       499848      5120.00
      41.439     0.999829       499860      5851.43
      45.727     0.999854       499872      6826.67
      50.143     0.999878       499884      8192.00
      52.703     0.999890       499891      9102.22
      54.847     0.999902       499897     10240.00
      56.959     0.999915       499903     11702.86
      59.103     0.999927       499909     13653.33
      61.311     0.999939       499915     16384.00
      62.399     0.999945       499918     18204.44
      63.519     0.999951       499921     20480.00
      64.607     0.999957       499924     23405.71
      65.727     0.999963       499927     27306.67
      66.751     0.999969       499930     32768.00
      67.455     0.999973       499932     36408.89
      67.775     0.999976       499933     40960.00
      68.479     0.999979       499935     46811.43
      68.863     0.999982       499936     54613.33
      69.567     0.999985       499938     65536.00
      69.887     0.999986       499939     72817.78
      69.887     0.999988       499939     81920.00
      70.271     0.999989       499940     93622.86
      70.591     0.999991       499941    109226.67
      70.975     0.999992       499942    131072.00
      70.975     0.999993       499942    145635.56
      70.975     0.999994       499942    163840.00
      71.295     0.999995       499943    187245.71
      71.295     0.999995       499943    218453.33
      71.679     0.999996       499944    262144.00
      71.679     0.999997       499944    291271.11
      71.679     0.999997       499944    327680.00
      71.679     0.999997       499944    374491.43
      71.679     0.999998       499944    436906.67
      71.999     0.999998       499945    524288.00
      71.999     1.000000       499945          inf
#[Mean    =        1.070, StdDeviation   =        1.017]
#[Max     =       71.936, Total count    =       499945]
#[Buckets =           27, SubBuckets     =         2048]
----------------------------------------------------------
  599990 requests in 1.00m, 35.48MB read
Requests/sec:   9999.85
Transfer/sec:    605.46KB
