Running 1m test @ http://localhost:8080
  4 threads and 4 connections
  Thread calibration: mean lat.: 1.236ms, rate sampling interval: 10ms
  Thread calibration: mean lat.: 1.230ms, rate sampling interval: 10ms
  Thread calibration: mean lat.: 1.252ms, rate sampling interval: 10ms
  Thread calibration: mean lat.: 1.242ms, rate sampling interval: 10ms
  Thread Stats   Avg      Stdev     Max   +/- Stdev
    Latency     1.85ms    5.22ms  75.01ms   98.02%
    Req/Sec     1.32k   147.03     2.56k    86.40%
  Latency Distribution (HdrHistogram - Recorded Latency)
 50.000%    1.16ms
 75.000%    1.55ms
 90.000%    1.90ms
 99.000%   28.80ms
 99.900%   68.16ms
 99.990%   73.34ms
 99.999%   74.82ms
100.000%   75.07ms

  Detailed Percentile spectrum:
       Value   Percentile   TotalCount 1/(1-Percentile)

       0.184     0.000000            1         1.00
       0.568     0.100000        25008         1.11
       0.779     0.200000        50010         1.25
       0.928     0.300000        75074         1.43
       1.051     0.400000       100075         1.67
       1.162     0.500000       125027         2.00
       1.220     0.550000       137689         2.22
       1.279     0.600000       150090         2.50
       1.353     0.650000       162525         2.86
       1.446     0.700000       174993         3.33
       1.546     0.750000       187539         4.00
       1.598     0.775000       193754         4.44
       1.651     0.800000       200100         5.00
       1.703     0.825000       206231         5.71
       1.758     0.850000       212568         6.67
       1.821     0.875000       218781         8.00
       1.859     0.887500       221880         8.89
       1.905     0.900000       224983        10.00
       1.970     0.912500       228143        11.43
       2.063     0.925000       231235        13.33
       2.215     0.937500       234361        16.00
       2.327     0.943750       235911        17.78
       2.493     0.950000       237483        20.00
       2.745     0.956250       239038        22.86
       3.147     0.962500       240601        26.67
       3.777     0.968750       242162        32.00
       4.203     0.971875       242941        35.56
       4.879     0.975000       243722        40.00
       5.771     0.978125       244504        45.71
       7.923     0.981250       245285        53.33
      11.767     0.984375       246066        64.00
      14.455     0.985938       246456        71.11
      18.143     0.987500       246847        80.00
      25.247     0.989062       247238        91.43
      31.791     0.990625       247628       106.67
      38.079     0.992188       248020       128.00
      41.279     0.992969       248215       142.22
      44.607     0.993750       248410       160.00
      47.167     0.994531       248605       182.86
      49.887     0.995313       248803       213.33
      52.991     0.996094       248996       256.00
      54.335     0.996484       249094       284.44
      56.543     0.996875       249191       320.00
      58.431     0.997266       249289       365.71
      60.255     0.997656       249386       426.67
      63.199     0.998047       249484       512.00
      64.735     0.998242       249534       568.89
      65.855     0.998437       249585       640.00
      66.751     0.998633       249635       731.43
      67.327     0.998828       249681       853.33
      68.287     0.999023       249731      1024.00
      68.671     0.999121       249755      1137.78
      69.055     0.999219       249780      1280.00
      69.375     0.999316       249804      1462.86
      70.015     0.999414       249826      1706.67
      70.783     0.999512       249851      2048.00
      71.039     0.999561       249865      2275.56
      71.167     0.999609       249874      2560.00
      71.359     0.999658       249888      2925.71
      71.551     0.999707       249900      3413.33
      71.999     0.999756       249913      4096.00
      72.191     0.999780       249917      4551.11
      72.383     0.999805       249923      5120.00
      72.959     0.999829       249930      5851.43
      73.087     0.999854       249936      6826.67
      73.215     0.999878       249941      8192.00
      73.279     0.999890       249944      9102.22
      73.343     0.999902       249947     10240.00
      73.471     0.999915       249950     11702.86
      73.791     0.999927       249954     13653.33
      73.919     0.999939       249956     16384.00
      73.983     0.999945       249958     18204.44
      74.047     0.999951       249959     20480.00
      74.303     0.999957       249965     23405.71
      74.303     0.999963       249965     27306.67
      74.303     0.999969       249965     32768.00
      74.303     0.999973       249965     36408.89
      74.303     0.999976       249965     40960.00
      74.559     0.999979       249966     46811.43
      74.815     0.999982       249969     54613.33
      74.815     0.999985       249969     65536.00
      74.815     0.999986       249969     72817.78
      74.815     0.999988       249969     81920.00
      74.815     0.999989       249969     93622.86
      74.815     0.999991       249969    109226.67
      74.879     0.999992       249970    131072.00
      74.879     0.999993       249970    145635.56
      74.879     0.999994       249970    163840.00
      74.879     0.999995       249970    187245.71
      74.879     0.999995       249970    218453.33
      75.071     0.999996       249971    262144.00
      75.071     1.000000       249971          inf
#[Mean    =        1.853, StdDeviation   =        5.224]
#[Max     =       75.008, Total count    =       249971]
#[Buckets =           27, SubBuckets     =         2048]
----------------------------------------------------------
  299997 requests in 1.00m, 19.74MB read
  Non-2xx or 3xx responses: 299997
Requests/sec:   4999.96
Transfer/sec:    336.91KB
