Running 1m test @ http://localhost:8080
  4 threads and 4 connections
  Thread calibration: mean lat.: 4446.524ms, rate sampling interval: 15949ms
  Thread calibration: mean lat.: 4479.250ms, rate sampling interval: 15949ms
  Thread calibration: mean lat.: 4480.917ms, rate sampling interval: 15982ms
  Thread calibration: mean lat.: 4490.639ms, rate sampling interval: 16056ms
  Thread Stats   Avg      Stdev     Max   +/- Stdev
    Latency    31.05s    12.89s    0.89m    57.50%
    Req/Sec   134.08      1.75   137.00     83.33%
  Latency Distribution (HdrHistogram - Recorded Latency)
 50.000%   30.92s 
 75.000%   42.40s 
 90.000%   48.79s 
 99.000%    0.88m 
 99.900%    0.89m 
 99.990%    0.89m 
 99.999%    0.89m 
100.000%    0.89m 

  Detailed Percentile spectrum:
       Value   Percentile   TotalCount 1/(1-Percentile)

    8921.087     0.000000            5         1.00
   13172.735     0.100000         2690         1.11
   17678.335     0.200000         5374         1.25
   21987.327     0.300000         8061         1.43
   26492.927     0.400000        10749         1.67
   30916.607     0.500000        13429         2.00
   33292.287     0.550000        14778         2.22
   35618.815     0.600000        16136         2.50
   37847.039     0.650000        17460         2.86
   40108.031     0.700000        18812         3.33
   42401.791     0.750000        20143         4.00
   43417.599     0.775000        20817         4.44
   44498.943     0.800000        21496         5.00
   45613.055     0.825000        22163         5.71
   46628.863     0.850000        22841         6.67
   47677.439     0.875000        23518         8.00
   48234.495     0.887500        23845         8.89
   48791.551     0.900000        24182        10.00
   49381.375     0.912500        24514        11.43
   49938.431     0.925000        24846        13.33
   50561.023     0.937500        25183        16.00
   50888.703     0.943750        25359        17.78
   51183.615     0.950000        25521        20.00
   51478.527     0.956250        25702        22.86
   51740.671     0.962500        25859        26.67
   52068.351     0.968750        26019        32.00
   52232.191     0.971875        26114        35.56
   52363.263     0.975000        26194        40.00
   52527.103     0.978125        26285        45.71
   52658.175     0.981250        26370        53.33
   52789.247     0.984375        26441        64.00
   52887.551     0.985938        26496        71.11
   52953.087     0.987500        26535        80.00
   53018.623     0.989062        26570        91.43
   53084.159     0.990625        26614       106.67
   53149.695     0.992188        26659       128.00
   53182.463     0.992969        26678       142.22
   53215.231     0.993750        26698       160.00
   53247.999     0.994531        26714       182.86
   53313.535     0.995313        26745       213.33
   53346.303     0.996094        26759       256.00
   53379.071     0.996484        26774       284.44
   53379.071     0.996875        26774       320.00
   53411.839     0.997266        26792       365.71
   53444.607     0.997656        26809       426.67
   53444.607     0.998047        26809       512.00
   53477.375     0.998242        26826       568.89
   53477.375     0.998437        26826       640.00
   53477.375     0.998633        26826       731.43
   53477.375     0.998828        26826       853.33
   53510.143     0.999023        26842      1024.00
   53510.143     0.999121        26842      1137.78
   53510.143     0.999219        26842      1280.00
   53510.143     0.999316        26842      1462.86
   53510.143     0.999414        26842      1706.67
   53542.911     0.999512        26853      2048.00
   53542.911     0.999561        26853      2275.56
   53542.911     0.999609        26853      2560.00
   53542.911     0.999658        26853      2925.71
   53542.911     0.999707        26853      3413.33
   53542.911     0.999756        26853      4096.00
   53542.911     0.999780        26853      4551.11
   53542.911     0.999805        26853      5120.00
   53542.911     0.999829        26853      5851.43
   53575.679     0.999854        26857      6826.67
   53575.679     1.000000        26857          inf
#[Mean    =    31049.360, StdDeviation   =    12890.730]
#[Max     =    53542.912, Total count    =        26857]
#[Buckets =           27, SubBuckets     =         2048]
----------------------------------------------------------
  32325 requests in 1.00m, 2.18MB read
Requests/sec:    538.73
Transfer/sec:     37.28KB
