Running 1m test @ http://localhost:8080
  4 threads and 4 connections
  Thread calibration: mean lat.: 1.321ms, rate sampling interval: 10ms
  Thread calibration: mean lat.: 1.307ms, rate sampling interval: 10ms
  Thread calibration: mean lat.: 1.316ms, rate sampling interval: 10ms
  Thread calibration: mean lat.: 1.329ms, rate sampling interval: 10ms
  Thread Stats   Avg      Stdev     Max   +/- Stdev
    Latency     1.30ms    1.41ms  72.38ms   96.52%
    Req/Sec     1.32k   135.65     3.22k    86.02%
  Latency Distribution (HdrHistogram - Recorded Latency)
 50.000%    1.15ms
 75.000%    1.54ms
 90.000%    1.89ms
 99.000%    4.66ms
 99.900%   14.33ms
 99.990%   63.71ms
 99.999%   71.93ms
100.000%   72.45ms

  Detailed Percentile spectrum:
       Value   Percentile   TotalCount 1/(1-Percentile)

       0.184     0.000000            1         1.00
       0.557     0.100000        25009         1.11
       0.772     0.200000        50025         1.25
       0.923     0.300000        75035         1.43
       1.041     0.400000       100003         1.67
       1.153     0.500000       125185         2.00
       1.209     0.550000       137608         2.22
       1.269     0.600000       150121         2.50
       1.346     0.650000       162605         2.86
       1.439     0.700000       175009         3.33
       1.538     0.750000       187543         4.00
       1.589     0.775000       193820         4.44
       1.642     0.800000       200056         5.00
       1.693     0.825000       206255         5.71
       1.745     0.850000       212542         6.67
       1.807     0.875000       218763         8.00
       1.845     0.887500       221886         8.89
       1.891     0.900000       224996        10.00
       1.954     0.912500       228132        11.43
       2.047     0.925000       231254        13.33
       2.185     0.937500       234380        16.00
       2.269     0.943750       235928        17.78
       2.375     0.950000       237494        20.00
       2.499     0.956250       239058        22.86
       2.647     0.962500       240611        26.67
       2.827     0.968750       242173        32.00
       2.937     0.971875       242945        35.56
       3.081     0.975000       243736        40.00
       3.257     0.978125       244506        45.71
       3.513     0.981250       245289        53.33
       3.851     0.984375       246072        64.00
       4.053     0.985938       246462        71.11
       4.267     0.987500       246853        80.00
       4.515     0.989062       247246        91.43
       4.775     0.990625       247632       106.67
       5.083     0.992188       248028       128.00
       5.231     0.992969       248220       142.22
       5.415     0.993750       248414       160.00
       5.611     0.994531       248607       182.86
       5.891     0.995313       248804       213.33
       6.291     0.996094       248999       256.00
       6.599     0.996484       249098       284.44
       7.023     0.996875       249195       320.00
       7.519     0.997266       249293       365.71
       8.199     0.997656       249389       426.67
       9.551     0.998047       249486       512.00
      10.863     0.998242       249535       568.89
      11.935     0.998437       249585       640.00
      12.503     0.998633       249633       731.43
      13.087     0.998828       249682       853.33
      14.615     0.999023       249730      1024.00
      15.471     0.999121       249755      1137.78
      15.831     0.999219       249779      1280.00
      16.215     0.999316       249804      1462.86
      16.751     0.999414       249828      1706.67
      22.991     0.999512       249852      2048.00
      28.687     0.999561       249865      2275.56
      34.719     0.999609       249877      2560.00
      40.191     0.999658       249889      2925.71
      45.215     0.999707       249901      3413.33
      50.367     0.999756       249913      4096.00
      54.111     0.999780       249920      4551.11
      55.743     0.999805       249926      5120.00
      58.623     0.999829       249932      5851.43
      61.567     0.999854       249938      6826.67
      63.071     0.999878       249944      8192.00
      63.583     0.999890       249947      9102.22
      64.127     0.999902       249951     10240.00
      64.479     0.999915       249953     11702.86
      65.727     0.999927       249956     13653.33
      67.519     0.999939       249959     16384.00
      68.287     0.999945       249961     18204.44
      68.735     0.999951       249962     20480.00
      69.119     0.999957       249965     23405.71
      69.119     0.999963       249965     27306.67
      69.567     0.999969       249967     32768.00
      69.695     0.999973       249968     36408.89
      69.695     0.999976       249968     40960.00
      70.271     0.999979       249969     46811.43
      70.911     0.999982       249970     54613.33
      71.487     0.999985       249971     65536.00
      71.487     0.999986       249971     72817.78
      71.487     0.999988       249971     81920.00
      71.935     0.999989       249972     93622.86
      71.935     0.999991       249972    109226.67
      72.191     0.999992       249973    131072.00
      72.191     0.999993       249973    145635.56
      72.191     0.999994       249973    163840.00
      72.191     0.999995       249973    187245.71
      72.191     0.999995       249973    218453.33
      72.447     0.999996       249974    262144.00
      72.447     1.000000       249974          inf
#[Mean    =        1.305, StdDeviation   =        1.414]
#[Max     =       72.384, Total count    =       249974]
#[Buckets =           27, SubBuckets     =         2048]
----------------------------------------------------------
  299997 requests in 1.00m, 19.17MB read
Requests/sec:   4999.97
Transfer/sec:    327.15KB
