Running 1m test @ http://localhost:8080
  4 threads and 4 connections
  Thread calibration: mean lat.: 1.310ms, rate sampling interval: 10ms
  Thread calibration: mean lat.: 1.341ms, rate sampling interval: 10ms
  Thread calibration: mean lat.: 1.243ms, rate sampling interval: 10ms
  Thread calibration: mean lat.: 1.214ms, rate sampling interval: 10ms
  Thread Stats   Avg      Stdev     Max   +/- Stdev
    Latency     1.27ms  663.26us  40.38ms   88.05%
    Req/Sec   263.19     53.33   555.00     54.79%
  Latency Distribution (HdrHistogram - Recorded Latency)
 50.000%    1.23ms
 75.000%    1.52ms
 90.000%    1.81ms
 99.000%    2.53ms
 99.900%    4.73ms
 99.990%   30.83ms
 99.999%   40.42ms
100.000%   40.42ms

  Detailed Percentile spectrum:
       Value   Percentile   TotalCount 1/(1-Percentile)

       0.178     0.000000            1         1.00
       0.716     0.100000         5020         1.11
       0.865     0.200000        10033         1.25
       0.990     0.300000        15025         1.43
       1.110     0.400000        20013         1.67
       1.230     0.500000        25035         2.00
       1.286     0.550000        27525         2.22
       1.340     0.600000        30005         2.50
       1.395     0.650000        32518         2.86
       1.454     0.700000        35038         3.33
       1.517     0.750000        37512         4.00
       1.551     0.775000        38769         4.44
       1.600     0.800000        40009         5.00
       1.640     0.825000        41246         5.71
       1.686     0.850000        42498         6.67
       1.740     0.875000        43746         8.00
       1.770     0.887500        44375         8.89
       1.807     0.900000        45001        10.00
       1.845     0.912500        45622        11.43
       1.893     0.925000        46247        13.33
       1.971     0.937500        46879        16.00
       2.007     0.943750        47188        17.78
       2.049     0.950000        47511        20.00
       2.089     0.956250        47820        22.86
       2.137     0.962500        48128        26.67
       2.213     0.968750        48436        32.00
       2.247     0.971875        48589        35.56
       2.281     0.975000        48748        40.00
       2.315     0.978125        48904        45.71
       2.365     0.981250        49058        53.33
       2.415     0.984375        49217        64.00
       2.443     0.985938        49294        71.11
       2.475     0.987500        49372        80.00
       2.507     0.989062        49450        91.43
       2.547     0.990625        49528       106.67
       2.605     0.992188        49605       128.00
       2.645     0.992969        49644       142.22
       2.679     0.993750        49685       160.00
       2.725     0.994531        49722       182.86
       2.773     0.995313        49763       213.33
       2.873     0.996094        49800       256.00
       2.935     0.996484        49820       284.44
       3.087     0.996875        49839       320.00
       3.297     0.997266        49859       365.71
       3.787     0.997656        49878       426.67
       4.035     0.998047        49898       512.00
       4.183     0.998242        49909       568.89
       4.259     0.998437        49917       640.00
       4.447     0.998633        49927       731.43
       4.583     0.998828        49937       853.33
       4.735     0.999023        49947      1024.00
       4.843     0.999121        49952      1137.78
       4.939     0.999219        49956      1280.00
       5.119     0.999316        49961      1462.86
       5.255     0.999414        49966      1706.67
       5.463     0.999512        49971      2048.00
       6.427     0.999561        49974      2275.56
       7.351     0.999609        49976      2560.00
       9.159     0.999658        49978      2925.71
      13.319     0.999707        49981      3413.33
      16.879     0.999756        49983      4096.00
      21.423     0.999780        49985      4551.11
      23.087     0.999805        49986      5120.00
      24.751     0.999829        49987      5851.43
      27.583     0.999854        49988      6826.67
      29.071     0.999878        49989      8192.00
      30.831     0.999890        49990      9102.22
      32.575     0.999902        49991     10240.00
      32.575     0.999915        49991     11702.86
      35.263     0.999927        49992     13653.33
      35.263     0.999939        49992     16384.00
      37.119     0.999945        49993     18204.44
      37.119     0.999951        49993     20480.00
      37.119     0.999957        49993     23405.71
      38.815     0.999963        49994     27306.67
      38.815     0.999969        49994     32768.00
      38.815     0.999973        49994     36408.89
      38.815     0.999976        49994     40960.00
      38.815     0.999979        49994     46811.43
      40.415     0.999982        49995     54613.33
      40.415     1.000000        49995          inf
#[Mean    =        1.266, StdDeviation   =        0.663]
#[Max     =       40.384, Total count    =        49995]
#[Buckets =           27, SubBuckets     =         2048]
----------------------------------------------------------
  60004 requests in 1.00m, 4.81MB read
Requests/sec:   1000.04
Transfer/sec:     82.04KB
