Running 1m test @ http://localhost:8080
  4 threads and 4 connections
  Thread calibration: mean lat.: 2.208ms, rate sampling interval: 10ms
  Thread calibration: mean lat.: 2.196ms, rate sampling interval: 10ms
  Thread calibration: mean lat.: 2.231ms, rate sampling interval: 10ms
  Thread calibration: mean lat.: 2.066ms, rate sampling interval: 10ms
  Thread Stats   Avg      Stdev     Max   +/- Stdev
    Latency     1.83ms  482.33us  11.59ms   74.59%
    Req/Sec   263.42     52.81   555.00     57.96%
  Latency Distribution (HdrHistogram - Recorded Latency)
 50.000%    1.80ms
 75.000%    2.09ms
 90.000%    2.36ms
 99.000%    3.19ms
 99.900%    5.29ms
 99.990%    9.62ms
 99.999%   11.60ms
100.000%   11.60ms

  Detailed Percentile spectrum:
       Value   Percentile   TotalCount 1/(1-Percentile)

       0.507     0.000000            1         1.00
       1.277     0.100000         5017         1.11
       1.442     0.200000        10020         1.25
       1.574     0.300000        15026         1.43
       1.690     0.400000        20026         1.67
       1.802     0.500000        25038         2.00
       1.857     0.550000        27532         2.22
       1.911     0.600000        30029         2.50
       1.967     0.650000        32509         2.86
       2.026     0.700000        35034         3.33
       2.089     0.750000        37550         4.00
       2.123     0.775000        38803         4.44
       2.159     0.800000        40060         5.00
       2.197     0.825000        41275         5.71
       2.241     0.850000        42536         6.67
       2.291     0.875000        43753         8.00
       2.321     0.887500        44383         8.89
       2.355     0.900000        45014        10.00
       2.393     0.912500        45636        11.43
       2.439     0.925000        46262        13.33
       2.491     0.937500        46888        16.00
       2.521     0.943750        47189        17.78
       2.557     0.950000        47506        20.00
       2.599     0.956250        47809        22.86
       2.649     0.962500        48135        26.67
       2.715     0.968750        48439        32.00
       2.755     0.971875        48592        35.56
       2.797     0.975000        48750        40.00
       2.849     0.978125        48907        45.71
       2.903     0.981250        49059        53.33
       2.969     0.984375        49215        64.00
       3.013     0.985938        49296        71.11
       3.067     0.987500        49374        80.00
       3.143     0.989062        49450        91.43
       3.219     0.990625        49529       106.67
       3.309     0.992188        49606       128.00
       3.365     0.992969        49645       142.22
       3.441     0.993750        49684       160.00
       3.537     0.994531        49724       182.86
       3.607     0.995313        49763       213.33
       3.767     0.996094        49803       256.00
       3.839     0.996484        49821       284.44
       3.887     0.996875        49841       320.00
       3.961     0.997266        49860       365.71
       4.107     0.997656        49881       426.67
       4.255     0.998047        49899       512.00
       4.367     0.998242        49909       568.89
       4.447     0.998437        49919       640.00
       4.687     0.998633        49928       731.43
       5.107     0.998828        49938       853.33
       5.327     0.999023        49949      1024.00
       5.543     0.999121        49953      1137.78
       5.623     0.999219        49957      1280.00
       5.867     0.999316        49962      1462.86
       6.007     0.999414        49967      1706.67
       6.483     0.999512        49972      2048.00
       6.659     0.999561        49975      2275.56
       6.923     0.999609        49977      2560.00
       7.179     0.999658        49979      2925.71
       7.355     0.999707        49982      3413.33
       8.111     0.999756        49984      4096.00
       8.527     0.999780        49986      4551.11
       8.655     0.999805        49987      5120.00
       8.719     0.999829        49988      5851.43
       8.759     0.999854        49989      6826.67
       8.823     0.999878        49990      8192.00
       9.623     0.999890        49991      9102.22
       9.647     0.999902        49992     10240.00
       9.647     0.999915        49992     11702.86
       9.935     0.999927        49993     13653.33
       9.935     0.999939        49993     16384.00
      10.383     0.999945        49994     18204.44
      10.383     0.999951        49994     20480.00
      10.383     0.999957        49994     23405.71
      11.407     0.999963        49995     27306.67
      11.407     0.999969        49995     32768.00
      11.407     0.999973        49995     36408.89
      11.407     0.999976        49995     40960.00
      11.407     0.999979        49995     46811.43
      11.599     0.999982        49996     54613.33
      11.599     1.000000        49996          inf
#[Mean    =        1.826, StdDeviation   =        0.482]
#[Max     =       11.592, Total count    =        49996]
#[Buckets =           27, SubBuckets     =         2048]
----------------------------------------------------------
  60004 requests in 1.00m, 5.01MB read
Requests/sec:   1000.02
Transfer/sec:     85.54KB
