Running 1m test @ http://localhost:8080
  4 threads and 4 connections
  Thread calibration: mean lat.: 1.045ms, rate sampling interval: 10ms
  Thread calibration: mean lat.: 1.041ms, rate sampling interval: 10ms
  Thread calibration: mean lat.: 1.078ms, rate sampling interval: 10ms
  Thread calibration: mean lat.: 1.051ms, rate sampling interval: 10ms
  Thread Stats   Avg      Stdev     Max   +/- Stdev
    Latency     1.11ms    1.48ms  70.85ms   99.58%
    Req/Sec   262.56     60.38     2.00k    43.39%
  Latency Distribution (HdrHistogram - Recorded Latency)
 50.000%    1.05ms
 75.000%    1.31ms
 90.000%    1.50ms
 99.000%    1.75ms
 99.900%   19.74ms
 99.990%   61.31ms
 99.999%   70.91ms
100.000%   70.91ms

  Detailed Percentile spectrum:
       Value   Percentile   TotalCount 1/(1-Percentile)

       0.180     0.000000            1         1.00
       0.617     0.100000         5020         1.11
       0.734     0.200000        10030         1.25
       0.841     0.300000        15027         1.43
       0.951     0.400000        20035         1.67
       1.051     0.500000        25045         2.00
       1.101     0.550000        27529         2.22
       1.154     0.600000        29997         2.50
       1.209     0.650000        32551         2.86
       1.259     0.700000        35036         3.33
       1.309     0.750000        37514         4.00
       1.336     0.775000        38775         4.44
       1.364     0.800000        40028         5.00
       1.395     0.825000        41252         5.71
       1.426     0.850000        42503         6.67
       1.459     0.875000        43784         8.00
       1.476     0.887500        44371         8.89
       1.495     0.900000        45021        10.00
       1.513     0.912500        45644        11.43
       1.533     0.925000        46274        13.33
       1.553     0.937500        46880        16.00
       1.565     0.943750        47197        17.78
       1.577     0.950000        47507        20.00
       1.589     0.956250        47818        22.86
       1.604     0.962500        48133        26.67
       1.622     0.968750        48444        32.00
       1.632     0.971875        48604        35.56
       1.644     0.975000        48754        40.00
       1.657     0.978125        48904        45.71
       1.673     0.981250        49058        53.33
       1.694     0.984375        49215        64.00
       1.707     0.985938        49296        71.11
       1.719     0.987500        49375        80.00
       1.738     0.989062        49450        91.43
       1.766     0.990625        49527       106.67
       1.807     0.992188        49605       128.00
       1.847     0.992969        49647       142.22
       1.904     0.993750        49683       160.00
       2.021     0.994531        49722       182.86
       2.285     0.995313        49761       213.33
       2.825     0.996094        49800       256.00
       3.099     0.996484        49820       284.44
       3.527     0.996875        49839       320.00
       4.061     0.997266        49859       365.71
       5.079     0.997656        49878       426.67
       6.199     0.998047        49898       512.00
       6.651     0.998242        49908       568.89
       7.319     0.998437        49917       640.00
       8.599     0.998633        49927       731.43
      12.111     0.998828        49937       853.33
      21.007     0.999023        49947      1024.00
      25.519     0.999121        49952      1137.78
      29.343     0.999219        49956      1280.00
      34.815     0.999316        49961      1462.86
      38.879     0.999414        49966      1706.67
      43.839     0.999512        49971      2048.00
      46.399     0.999561        49974      2275.56
      48.383     0.999609        49976      2560.00
      50.047     0.999658        49978      2925.71
      53.727     0.999707        49981      3413.33
      54.911     0.999756        49983      4096.00
      57.567     0.999780        49985      4551.11
      57.759     0.999805        49986      5120.00
      58.687     0.999829        49987      5851.43
      59.903     0.999854        49988      6826.67
      61.055     0.999878        49989      8192.00
      61.311     0.999890        49990      9102.22
      63.711     0.999902        49991     10240.00
      63.711     0.999915        49991     11702.86
      64.767     0.999927        49992     13653.33
      64.767     0.999939        49992     16384.00
      65.087     0.999945        49993     18204.44
      65.087     0.999951        49993     20480.00
      65.087     0.999957        49993     23405.71
      67.263     0.999963        49994     27306.67
      67.263     0.999969        49994     32768.00
      67.263     0.999973        49994     36408.89
      67.263     0.999976        49994     40960.00
      67.263     0.999979        49994     46811.43
      70.911     0.999982        49995     54613.33
      70.911     1.000000        49995          inf
#[Mean    =        1.106, StdDeviation   =        1.481]
#[Max     =       70.848, Total count    =        49995]
#[Buckets =           27, SubBuckets     =         2048]
----------------------------------------------------------
  60003 requests in 1.00m, 4.75MB read
Requests/sec:   1000.03
Transfer/sec:     81.06KB
