Running 1m test @ http://localhost:8080
  4 threads and 4 connections
  Thread calibration: mean lat.: 0.886ms, rate sampling interval: 10ms
  Thread calibration: mean lat.: 0.906ms, rate sampling interval: 10ms
  Thread calibration: mean lat.: 0.928ms, rate sampling interval: 10ms
  Thread calibration: mean lat.: 0.877ms, rate sampling interval: 10ms
  Thread Stats   Avg      Stdev     Max   +/- Stdev
    Latency     0.97ms    1.19ms  72.32ms   99.79%
    Req/Sec   263.38     50.90   555.00     63.63%
  Latency Distribution (HdrHistogram - Recorded Latency)
 50.000%    0.95ms
 75.000%    1.20ms
 90.000%    1.37ms
 99.000%    1.72ms
 99.900%    4.22ms
 99.990%   62.69ms
 99.999%   72.38ms
100.000%   72.38ms

  Detailed Percentile spectrum:
       Value   Percentile   TotalCount 1/(1-Percentile)

       0.108     0.000000            1         1.00
       0.505     0.100000         5022         1.11
       0.632     0.200000        10014         1.25
       0.741     0.300000        15024         1.43
       0.842     0.400000        20047         1.67
       0.946     0.500000        25020         2.00
       0.997     0.550000        27514         2.22
       1.046     0.600000        30013         2.50
       1.097     0.650000        32532         2.86
       1.147     0.700000        35032         3.33
       1.196     0.750000        37499         4.00
       1.221     0.775000        38770         4.44
       1.247     0.800000        40012         5.00
       1.274     0.825000        41267         5.71
       1.302     0.850000        42524         6.67
       1.334     0.875000        43751         8.00
       1.352     0.887500        44378         8.89
       1.372     0.900000        45021        10.00
       1.393     0.912500        45622        11.43
       1.419     0.925000        46273        13.33
       1.444     0.937500        46886        16.00
       1.459     0.943750        47182        17.78
       1.478     0.950000        47508        20.00
       1.498     0.956250        47809        22.86
       1.519     0.962500        48120        26.67
       1.548     0.968750        48447        32.00
       1.563     0.971875        48589        35.56
       1.578     0.975000        48745        40.00
       1.598     0.978125        48906        45.71
       1.623     0.981250        49064        53.33
       1.650     0.984375        49216        64.00
       1.666     0.985938        49293        71.11
       1.687     0.987500        49374        80.00
       1.708     0.989062        49450        91.43
       1.729     0.990625        49527       106.67
       1.760     0.992188        49607       128.00
       1.776     0.992969        49643       142.22
       1.801     0.993750        49682       160.00
       1.826     0.994531        49722       182.86
       1.849     0.995313        49760       213.33
       1.892     0.996094        49800       256.00
       1.908     0.996484        49819       284.44
       1.954     0.996875        49841       320.00
       1.996     0.997266        49858       365.71
       2.113     0.997656        49877       426.67
       2.201     0.998047        49897       512.00
       2.401     0.998242        49909       568.89
       2.489     0.998437        49916       640.00
       2.941     0.998633        49926       731.43
       3.903     0.998828        49936       853.33
       4.475     0.999023        49946      1024.00
       4.959     0.999121        49951      1137.78
       5.839     0.999219        49955      1280.00
       7.147     0.999316        49960      1462.86
      14.807     0.999414        49965      1706.67
      25.071     0.999512        49970      2048.00
      31.119     0.999561        49973      2275.56
      35.423     0.999609        49975      2560.00
      38.847     0.999658        49977      2925.71
      44.735     0.999707        49980      3413.33
      49.183     0.999756        49982      4096.00
      53.535     0.999780        49984      4551.11
      55.135     0.999805        49985      5120.00
      57.567     0.999829        49986      5851.43
      59.295     0.999854        49987      6826.67
      60.927     0.999878        49988      8192.00
      62.687     0.999890        49989      9102.22
      65.407     0.999902        49990     10240.00
      65.407     0.999915        49990     11702.86
      67.199     0.999927        49991     13653.33
      67.199     0.999939        49991     16384.00
      69.055     0.999945        49992     18204.44
      69.055     0.999951        49992     20480.00
      69.055     0.999957        49992     23405.71
      70.911     0.999963        49993     27306.67
      70.911     0.999969        49993     32768.00
      70.911     0.999973        49993     36408.89
      70.911     0.999976        49993     40960.00
      70.911     0.999979        49993     46811.43
      72.383     0.999982        49994     54613.33
      72.383     1.000000        49994          inf
#[Mean    =        0.974, StdDeviation   =        1.193]
#[Max     =       72.320, Total count    =        49994]
#[Buckets =           27, SubBuckets     =         2048]
----------------------------------------------------------
  60004 requests in 1.00m, 3.55MB read
Requests/sec:   1000.05
Transfer/sec:     60.55KB
