Running 1m test @ http://localhost:8080
  4 threads and 4 connections
  Thread calibration: mean lat.: 1.274ms, rate sampling interval: 10ms
  Thread calibration: mean lat.: 2471.127ms, rate sampling interval: 8749ms
  Thread calibration: mean lat.: 2631.819ms, rate sampling interval: 10412ms
  Thread calibration: mean lat.: 2430.914ms, rate sampling interval: 8024ms
  Thread Stats   Avg      Stdev     Max   +/- Stdev
    Latency    11.07s    11.49s   33.72s    77.54%
    Req/Sec     2.64k   546.79     3.78k    74.27%
  Latency Distribution (HdrHistogram - Recorded Latency)
 50.000%    8.02s 
 75.000%   21.48s 
 90.000%   29.21s 
 99.000%   32.88s 
 99.900%   33.54s 
 99.990%   33.75s 
 99.999%   33.75s 
100.000%   33.75s 

  Detailed Percentile spectrum:
       Value   Percentile   TotalCount 1/(1-Percentile)

       0.212     0.000000            1         1.00
       0.789     0.100000        28986         1.11
       1.228     0.200000        57992         1.25
      20.991     0.300000        86909         1.43
     225.151     0.400000       115909         1.67
    8015.871     0.500000       144847         2.00
   10485.759     0.550000       159338         2.22
   13615.103     0.600000       173834         2.50
   16613.375     0.650000       188348         2.86
   18612.223     0.700000       202801         3.33
   21479.423     0.750000       217306         4.00
   22544.383     0.775000       224559         4.44
   23347.199     0.800000       231860         5.00
   24985.599     0.825000       239003         5.71
   26623.999     0.850000       246342         6.67
   27787.263     0.875000       253636         8.00
   28655.615     0.887500       257125         8.89
   29212.671     0.900000       260749        10.00
   29687.807     0.912500       264365        11.43
   30031.871     0.925000       268017        13.33
   30425.087     0.937500       271653        16.00
   30883.839     0.943750       273413        17.78
   31145.983     0.950000       275230        20.00
   31555.583     0.956250       277049        22.86
   31752.191     0.962500       278942        26.67
   31997.951     0.968750       280654        32.00
   32096.255     0.971875       281547        35.56
   32243.711     0.975000       282476        40.00
   32423.935     0.978125       283368        45.71
   32522.239     0.981250       284308        53.33
   32636.927     0.984375       285288        64.00
   32686.079     0.985938       285709        71.11
   32735.231     0.987500       286172        80.00
   32833.535     0.989062       286545        91.43
   32915.455     0.990625       287070       106.67
   32964.607     0.992188       287477       128.00
   32997.375     0.992969       287726       142.22
   33030.143     0.993750       287980       160.00
   33062.911     0.994531       288120       182.86
   33210.367     0.995313       288371       213.33
   33243.135     0.996094       288577       256.00
   33259.519     0.996484       288704       284.44
   33275.903     0.996875       288821       320.00
   33292.287     0.997266       288910       365.71
   33308.671     0.997656       289034       426.67
   33357.823     0.998047       289137       512.00
   33390.591     0.998242       289177       568.89
   33439.743     0.998437       289250       640.00
   33472.511     0.998633       289301       731.43
   33505.279     0.998828       289351       853.33
   33554.431     0.999023       289419      1024.00
   33587.199     0.999121       289468      1137.78
   33587.199     0.999219       289468      1280.00
   33619.967     0.999316       289516      1462.86
   33619.967     0.999414       289516      1706.67
   33652.735     0.999512       289557      2048.00
   33685.503     0.999561       289607      2275.56
   33685.503     0.999609       289607      2560.00
   33685.503     0.999658       289607      2925.71
   33685.503     0.999707       289607      3413.33
   33718.271     0.999756       289649      4096.00
   33718.271     0.999780       289649      4551.11
   33718.271     0.999805       289649      5120.00
   33718.271     0.999829       289649      5851.43
   33718.271     0.999854       289649      6826.67
   33751.039     0.999878       289685      8192.00
   33751.039     1.000000       289685          inf
#[Mean    =    11071.658, StdDeviation   =    11488.703]
#[Max     =    33718.272, Total count    =       289685]
#[Buckets =           27, SubBuckets     =         2048]
----------------------------------------------------------
  351355 requests in 1.00m, 22.79MB read
Requests/sec:   5856.06
Transfer/sec:    388.88KB
