Running 1m test @ http://localhost:8080
  4 threads and 4 connections
  Thread calibration: mean lat.: 4435.942ms, rate sampling interval: 16252ms
  Thread calibration: mean lat.: 4440.834ms, rate sampling interval: 16277ms
  Thread calibration: mean lat.: 4431.715ms, rate sampling interval: 16211ms
  Thread calibration: mean lat.: 4421.569ms, rate sampling interval: 16252ms
  Thread Stats   Avg      Stdev     Max   +/- Stdev
    Latency    31.32s    12.95s    0.91m    58.11%
    Req/Sec   233.25      6.25   239.00     66.67%
  Latency Distribution (HdrHistogram - Recorded Latency)
 50.000%   31.11s 
 75.000%   42.27s 
 90.000%   49.45s 
 99.000%    0.90m 
 99.900%    0.91m 
 99.990%    0.91m 
 99.999%    0.91m 
100.000%    0.91m 

  Detailed Percentile spectrum:
       Value   Percentile   TotalCount 1/(1-Percentile)

    9060.351     0.000000            1         1.00
   13459.455     0.100000         4668         1.11
   18022.399     0.200000         9349         1.25
   22446.079     0.300000        14010         1.43
   26689.535     0.400000        18663         1.67
   31113.215     0.500000        23328         2.00
   33423.359     0.550000        25659         2.22
   35651.583     0.600000        28009         2.50
   37814.271     0.650000        30343         2.86
   40108.031     0.700000        32674         3.33
   42303.487     0.750000        35010         4.00
   43614.207     0.775000        36159         4.44
   44728.319     0.800000        37326         5.00
   45907.967     0.825000        38494         5.71
   47120.383     0.850000        39663         6.67
   48267.263     0.875000        40838         8.00
   48857.087     0.887500        41411         8.89
   49446.911     0.900000        42007        10.00
   50003.967     0.912500        42583        11.43
   50626.559     0.925000        43155        13.33
   51281.919     0.937500        43768        16.00
   51576.831     0.943750        44038        17.78
   51871.743     0.950000        44334        20.00
   52199.423     0.956250        44615        22.86
   52559.871     0.962500        44898        26.67
   52953.087     0.968750        45196        32.00
   53084.159     0.971875        45348        35.56
   53215.231     0.975000        45488        40.00
   53346.303     0.978125        45632        45.71
   53542.911     0.981250        45773        53.33
   53706.751     0.984375        45945        64.00
   53805.055     0.985938        46012        71.11
   53903.359     0.987500        46099        80.00
   53936.127     0.989062        46140        91.43
   54001.663     0.990625        46218       106.67
   54067.199     0.992188        46296       128.00
   54099.967     0.992969        46331       142.22
   54132.735     0.993750        46371       160.00
   54165.503     0.994531        46410       182.86
   54198.271     0.995313        46446       213.33
   54231.039     0.996094        46481       256.00
   54263.807     0.996484        46514       284.44
   54263.807     0.996875        46514       320.00
   54296.575     0.997266        46546       365.71
   54296.575     0.997656        46546       426.67
   54329.343     0.998047        46586       512.00
   54329.343     0.998242        46586       568.89
   54329.343     0.998437        46586       640.00
   54329.343     0.998633        46586       731.43
   54362.111     0.998828        46617       853.33
   54362.111     0.999023        46617      1024.00
   54362.111     0.999121        46617      1137.78
   54362.111     0.999219        46617      1280.00
   54362.111     0.999316        46617      1462.86
   54394.879     0.999414        46642      1706.67
   54394.879     0.999512        46642      2048.00
   54394.879     0.999561        46642      2275.56
   54394.879     0.999609        46642      2560.00
   54394.879     0.999658        46642      2925.71
   54394.879     0.999707        46642      3413.33
   54394.879     0.999756        46642      4096.00
   54394.879     0.999780        46642      4551.11
   54394.879     0.999805        46642      5120.00
   54394.879     0.999829        46642      5851.43
   54394.879     0.999854        46642      6826.67
   54394.879     0.999878        46642      8192.00
   54394.879     0.999890        46642      9102.22
   54427.647     0.999902        46647     10240.00
   54427.647     1.000000        46647          inf
#[Mean    =    31316.994, StdDeviation   =    12949.374]
#[Max     =    54394.880, Total count    =        46647]
#[Buckets =           27, SubBuckets     =         2048]
----------------------------------------------------------
  56077 requests in 1.00m, 3.82MB read
Requests/sec:    934.58
Transfer/sec:     65.25KB
