Running 1m test @ http://localhost:8080
  4 threads and 4 connections
  Thread calibration: mean lat.: 1702.611ms, rate sampling interval: 6074ms
  Thread calibration: mean lat.: 1705.368ms, rate sampling interval: 6074ms
  Thread calibration: mean lat.: 1710.512ms, rate sampling interval: 6074ms
  Thread calibration: mean lat.: 1694.241ms, rate sampling interval: 6033ms
  Thread Stats   Avg      Stdev     Max   +/- Stdev
    Latency    11.65s     4.77s   19.91s    57.81%
    Req/Sec     1.67k     3.81     1.68k    84.38%
  Latency Distribution (HdrHistogram - Recorded Latency)
 50.000%   11.66s 
 75.000%   15.79s 
 90.000%   18.27s 
 99.000%   19.74s 
 99.900%   19.89s 
 99.990%   19.91s 
 99.999%   19.92s 
100.000%   19.92s 

  Detailed Percentile spectrum:
       Value   Percentile   TotalCount 1/(1-Percentile)

    3348.479     0.000000            8         1.00
    5021.695     0.100000        33491         1.11
    6692.863     0.200000        66945         1.25
    8355.839     0.300000       100399         1.43
   10018.815     0.400000       133903         1.67
   11657.215     0.500000       167339         2.00
   12484.607     0.550000       184109         2.22
   13303.807     0.600000       200727         2.50
   14139.391     0.650000       217523         2.86
   14966.783     0.700000       234302         3.33
   15785.983     0.750000       250976         4.00
   16187.391     0.775000       259283         4.44
   16613.375     0.800000       267766         5.00
   17022.975     0.825000       276225         5.71
   17432.575     0.850000       284517         6.67
   17858.559     0.875000       293051         8.00
   18055.167     0.887500       297034         8.89
   18268.159     0.900000       301330        10.00
   18464.767     0.912500       305314        11.43
   18677.759     0.925000       309645        13.33
   18890.751     0.937500       313907        16.00
   18989.055     0.943750       315956        17.78
   19087.359     0.950000       317970        20.00
   19185.663     0.956250       319962        22.86
   19300.351     0.962500       322287        26.67
   19398.655     0.968750       324263        32.00
   19447.807     0.971875       325304        35.56
   19496.959     0.975000       326321        40.00
   19546.111     0.978125       327228        45.71
   19595.263     0.981250       328264        53.33
   19660.799     0.984375       329574        64.00
   19677.183     0.985938       329914        71.11
   19709.951     0.987500       330600        80.00
   19726.335     0.989062       330953        91.43
   19759.103     0.990625       331634       106.67
   19775.487     0.992188       331949       128.00
   19791.871     0.992969       332288       142.22
   19808.255     0.993750       332631       160.00
   19824.639     0.994531       332969       182.86
   19824.639     0.995313       332969       213.33
   19841.023     0.996094       333321       256.00
   19857.407     0.996484       333628       284.44
   19857.407     0.996875       333628       320.00
   19857.407     0.997266       333628       365.71
   19873.791     0.997656       333960       426.67
   19873.791     0.998047       333960       512.00
   19873.791     0.998242       333960       568.89
   19890.175     0.998437       334283       640.00
   19890.175     0.998633       334283       731.43
   19890.175     0.998828       334283       853.33
   19890.175     0.999023       334283      1024.00
   19890.175     0.999121       334283      1137.78
   19890.175     0.999219       334283      1280.00
   19906.559     0.999316       334509      1462.86
   19906.559     0.999414       334509      1706.67
   19906.559     0.999512       334509      2048.00
   19906.559     0.999561       334509      2275.56
   19906.559     0.999609       334509      2560.00
   19906.559     0.999658       334509      2925.71
   19906.559     0.999707       334509      3413.33
   19906.559     0.999756       334509      4096.00
   19906.559     0.999780       334509      4551.11
   19906.559     0.999805       334509      5120.00
   19906.559     0.999829       334509      5851.43
   19906.559     0.999854       334509      6826.67
   19906.559     0.999878       334509      8192.00
   19906.559     0.999890       334509      9102.22
   19906.559     0.999902       334509     10240.00
   19906.559     0.999915       334509     11702.86
   19906.559     0.999927       334509     13653.33
   19906.559     0.999939       334509     16384.00
   19906.559     0.999945       334509     18204.44
   19906.559     0.999951       334509     20480.00
   19906.559     0.999957       334509     23405.71
   19906.559     0.999963       334509     27306.67
   19906.559     0.999969       334509     32768.00
   19906.559     0.999973       334509     36408.89
   19906.559     0.999976       334509     40960.00
   19906.559     0.999979       334509     46811.43
   19906.559     0.999982       334509     54613.33
   19922.943     0.999985       334515     65536.00
   19922.943     1.000000       334515          inf
#[Mean    =    11648.186, StdDeviation   =     4772.317]
#[Max     =    19906.560, Total count    =       334515]
#[Buckets =           27, SubBuckets     =         2048]
----------------------------------------------------------
  400991 requests in 1.00m, 26.39MB read
  Non-2xx or 3xx responses: 400991
Requests/sec:   6683.29
Transfer/sec:    450.34KB
