Running 1m test @ http://localhost:8080
  4 threads and 4 connections
  Thread calibration: mean lat.: 2419.547ms, rate sampling interval: 8032ms
  Thread calibration: mean lat.: 2418.501ms, rate sampling interval: 8040ms
  Thread calibration: mean lat.: 2421.162ms, rate sampling interval: 8032ms
  Thread calibration: mean lat.: 2417.691ms, rate sampling interval: 8036ms
  Thread Stats   Avg      Stdev     Max   +/- Stdev
    Latency    14.24s     5.77s   24.89s    63.00%
    Req/Sec     1.47k   138.98     1.60k    83.33%
  Latency Distribution (HdrHistogram - Recorded Latency)
 50.000%   14.31s 
 75.000%   18.53s 
 90.000%   23.15s 
 99.000%   24.67s 
 99.900%   24.85s 
 99.990%   24.90s 
 99.999%   24.90s 
100.000%   24.90s 

  Detailed Percentile spectrum:
       Value   Percentile   TotalCount 1/(1-Percentile)

    4378.623     0.000000           25         1.00
    6340.607     0.100000        29595         1.11
    8364.031     0.200000        59109         1.25
   10313.727     0.300000        88720         1.43
   12337.151     0.400000       118236         1.67
   14311.423     0.500000       147738         2.00
   15138.815     0.550000       162511         2.22
   15982.591     0.600000       177298         2.50
   16826.367     0.650000       192016         2.86
   17678.335     0.700000       206804         3.33
   18530.303     0.750000       221792         4.00
   18939.903     0.775000       228968         4.44
   19365.887     0.800000       236310         5.00
   19791.871     0.825000       243751         5.71
   21135.359     0.850000       251076         6.67
   22609.919     0.875000       258455         8.00
   22953.983     0.887500       262338         8.89
   23150.591     0.900000       265833        10.00
   23363.583     0.912500       269608        11.43
   23576.575     0.925000       273379        13.33
   23773.183     0.937500       276906        16.00
   23887.871     0.943750       278905        17.78
   23986.175     0.950000       280655        20.00
   24084.479     0.956250       282440        22.86
   24199.167     0.962500       284491        26.67
   24297.471     0.968750       286154        32.00
   24363.007     0.971875       287160        35.56
   24428.543     0.975000       288196        40.00
   24477.695     0.978125       289019        45.71
   24526.847     0.981250       289889        53.33
   24575.999     0.984375       290762        64.00
   24608.767     0.985938       291328        71.11
   24641.535     0.987500       291884        80.00
   24657.919     0.989062       292180        91.43
   24690.687     0.990625       292797       106.67
   24707.071     0.992188       293110       128.00
   24723.455     0.992969       293384       142.22
   24739.839     0.993750       293625       160.00
   24756.223     0.994531       293922       182.86
   24772.607     0.995313       294209       213.33
   24772.607     0.996094       294209       256.00
   24788.991     0.996484       294444       284.44
   24788.991     0.996875       294444       320.00
   24805.375     0.997266       294650       365.71
   24821.759     0.997656       294800       426.67
   24821.759     0.998047       294800       512.00
   24838.143     0.998242       294943       568.89
   24838.143     0.998437       294943       640.00
   24854.527     0.998633       295081       731.43
   24854.527     0.998828       295081       853.33
   24854.527     0.999023       295081      1024.00
   24870.911     0.999121       295224      1137.78
   24870.911     0.999219       295224      1280.00
   24870.911     0.999316       295224      1462.86
   24870.911     0.999414       295224      1706.67
   24870.911     0.999512       295224      2048.00
   24887.295     0.999561       295327      2275.56
   24887.295     0.999609       295327      2560.00
   24887.295     0.999658       295327      2925.71
   24887.295     0.999707       295327      3413.33
   24887.295     0.999756       295327      4096.00
   24887.295     0.999780       295327      4551.11
   24887.295     0.999805       295327      5120.00
   24887.295     0.999829       295327      5851.43
   24887.295     0.999854       295327      6826.67
   24887.295     0.999878       295327      8192.00
   24887.295     0.999890       295327      9102.22
   24903.679     0.999902       295358     10240.00
   24903.679     1.000000       295358          inf
#[Mean    =    14235.699, StdDeviation   =     5768.235]
#[Max     =    24887.296, Total count    =       295358]
#[Buckets =           27, SubBuckets     =         2048]
----------------------------------------------------------
  351646 requests in 1.00m, 22.47MB read
Requests/sec:   5860.81
Transfer/sec:    383.47KB
