Running 1m test @ http://localhost:8080
  4 threads and 4 connections
  Thread calibration: mean lat.: 1223.116ms, rate sampling interval: 4358ms
  Thread calibration: mean lat.: 1249.548ms, rate sampling interval: 4481ms
  Thread calibration: mean lat.: 1229.977ms, rate sampling interval: 4427ms
  Thread calibration: mean lat.: 1260.315ms, rate sampling interval: 4513ms
  Thread Stats   Avg      Stdev     Max   +/- Stdev
    Latency     9.43s     4.74s   19.19s    59.99%
    Req/Sec   836.93     82.33     0.95k    43.18%
  Latency Distribution (HdrHistogram - Recorded Latency)
 50.000%    8.54s 
 75.000%   13.28s 
 90.000%   16.64s 
 99.000%   18.87s 
 99.900%   19.15s 
 99.990%   19.20s 
 99.999%   19.20s 
100.000%   19.20s 

  Detailed Percentile spectrum:
       Value   Percentile   TotalCount 1/(1-Percentile)

    2461.695     0.000000            1         1.00
    3653.631     0.100000        16700         1.11
    4796.415     0.200000        33416         1.25
    5943.295     0.300000        50106         1.43
    7028.735     0.400000        66771         1.67
    8544.255     0.500000        83441         2.00
    9461.759     0.550000        91797         2.22
   10403.839     0.600000       100139         2.50
   11272.191     0.650000       108461         2.86
   12255.231     0.700000       116796         3.33
   13279.231     0.750000       125176         4.00
   13828.095     0.775000       129347         4.44
   14385.151     0.800000       133511         5.00
   14925.823     0.825000       137652         5.71
   15499.263     0.850000       141854         6.67
   16056.319     0.875000       146028         8.00
   16351.231     0.887500       148086         8.89
   16637.951     0.900000       150210        10.00
   16924.671     0.912500       152260        11.43
   17235.967     0.925000       154333        13.33
   17580.031     0.937500       156562        16.00
   17711.103     0.943750       157484        17.78
   17874.943     0.950000       158560        20.00
   18022.399     0.956250       159548        22.86
   18186.239     0.962500       160591        26.67
   18350.079     0.968750       161720        32.00
   18431.999     0.971875       162207        35.56
   18497.535     0.975000       162726        40.00
   18579.455     0.978125       163246        45.71
   18661.375     0.981250       163735        53.33
   18743.295     0.984375       164287        64.00
   18776.063     0.985938       164511        71.11
   18825.215     0.987500       164891        80.00
   18857.983     0.989062       165094        91.43
   18907.135     0.990625       165347       106.67
   18939.903     0.992188       165566       128.00
   18956.287     0.992969       165719       142.22
   18972.671     0.993750       165827       160.00
   19005.439     0.994531       166017       182.86
   19021.823     0.995313       166096       213.33
   19054.591     0.996094       166282       256.00
   19054.591     0.996484       166282       284.44
   19070.975     0.996875       166430       320.00
   19070.975     0.997266       166430       365.71
   19087.359     0.997656       166517       426.67
   19103.743     0.998047       166551       512.00
   19120.127     0.998242       166587       568.89
   19120.127     0.998437       166587       640.00
   19136.511     0.998633       166639       731.43
   19152.895     0.998828       166689       853.33
   19152.895     0.999023       166689      1024.00
   19169.279     0.999121       166748      1137.78
   19169.279     0.999219       166748      1280.00
   19169.279     0.999316       166748      1462.86
   19169.279     0.999414       166748      1706.67
   19185.663     0.999512       166827      2048.00
   19185.663     0.999561       166827      2275.56
   19185.663     0.999609       166827      2560.00
   19185.663     0.999658       166827      2925.71
   19185.663     0.999707       166827      3413.33
   19185.663     0.999756       166827      4096.00
   19185.663     0.999780       166827      4551.11
   19185.663     0.999805       166827      5120.00
   19185.663     0.999829       166827      5851.43
   19185.663     0.999854       166827      6826.67
   19185.663     0.999878       166827      8192.00
   19185.663     0.999890       166827      9102.22
   19202.047     0.999902       166845     10240.00
   19202.047     1.000000       166845          inf
#[Mean    =     9426.735, StdDeviation   =     4740.002]
#[Max     =    19185.664, Total count    =       166845]
#[Buckets =           27, SubBuckets     =         2048]
----------------------------------------------------------
  204317 requests in 1.00m, 13.06MB read
Requests/sec:   3405.28
Transfer/sec:    222.81KB
