Running 20s test @ http://localhost:8080
  4 threads and 128 connections
  Thread calibration: mean lat.: 1.102ms, rate sampling interval: 10ms
  Thread calibration: mean lat.: 1.117ms, rate sampling interval: 10ms
  Thread calibration: mean lat.: 1.870ms, rate sampling interval: 10ms
  Thread calibration: mean lat.: 1.093ms, rate sampling interval: 10ms
  Thread Stats   Avg      Stdev     Max   +/- Stdev
    Latency     1.32ms  796.03us  11.37ms   76.51%
    Req/Sec     2.63k   633.59     5.33k    86.86%
  Latency Distribution (HdrHistogram - Recorded Latency)
 50.000%    1.21ms
 75.000%    1.67ms
 90.000%    2.23ms
 99.000%    3.48ms
 99.900%    8.57ms
 99.990%   10.52ms
 99.999%   11.26ms
100.000%   11.38ms

  Detailed Percentile spectrum:
       Value   Percentile   TotalCount 1/(1-Percentile)

       0.074     0.000000            1         1.00
       0.493     0.100000         9864         1.11
       0.689     0.200000        19706         1.25
       0.870     0.300000        29564         1.43
       1.045     0.400000        39393         1.67
       1.212     0.500000        49254         2.00
       1.294     0.550000        54154         2.22
       1.379     0.600000        59055         2.50
       1.467     0.650000        63981         2.86
       1.563     0.700000        68915         3.33
       1.673     0.750000        73830         4.00
       1.736     0.775000        76275         4.44
       1.807     0.800000        78730         5.00
       1.888     0.825000        81205         5.71
       1.987     0.850000        83667         6.67
       2.099     0.875000        86120         8.00
       2.165     0.887500        87364         8.89
       2.235     0.900000        88568        10.00
       2.321     0.912500        89819        11.43
       2.413     0.925000        91050        13.33
       2.523     0.937500        92273        16.00
       2.585     0.943750        92879        17.78
       2.651     0.950000        93505        20.00
       2.721     0.956250        94113        22.86
       2.803     0.962500        94716        26.67
       2.893     0.968750        95335        32.00
       2.943     0.971875        95644        35.56
       2.999     0.975000        95952        40.00
       3.065     0.978125        96254        45.71
       3.141     0.981250        96560        53.33
       3.243     0.984375        96874        64.00
       3.287     0.985938        97023        71.11
       3.347     0.987500        97176        80.00
       3.419     0.989062        97334        91.43
       3.533     0.990625        97485       106.67
       3.693     0.992188        97638       128.00
       3.801     0.992969        97716       142.22
       3.921     0.993750        97790       160.00
       4.155     0.994531        97869       182.86
       4.591     0.995313        97944       213.33
       5.475     0.996094        98021       256.00
       5.955     0.996484        98060       284.44
       6.423     0.996875        98098       320.00
       6.719     0.997266        98136       365.71
       7.131     0.997656        98175       426.67
       7.595     0.998047        98214       512.00
       7.755     0.998242        98233       568.89
       7.931     0.998437        98252       640.00
       8.155     0.998633        98271       731.43
       8.415     0.998828        98290       853.33
       8.575     0.999023        98310      1024.00
       8.679     0.999121        98319      1137.78
       8.791     0.999219        98329      1280.00
       8.911     0.999316        98338      1462.86
       9.087     0.999414        98348      1706.67
       9.207     0.999512        98358      2048.00
       9.247     0.999561        98362      2275.56
       9.327     0.999609        98367      2560.00
       9.391     0.999658        98372      2925.71
       9.559     0.999707        98377      3413.33
       9.743     0.999756        98381      4096.00
       9.863     0.999780        98384      4551.11
       9.983     0.999805        98386      5120.00
      10.231     0.999829        98389      5851.43
      10.303     0.999854        98391      6826.67
      10.367     0.999878        98393      8192.00
      10.519     0.999890        98395      9102.22
      10.551     0.999902        98396     10240.00
      10.567     0.999915        98397     11702.86
      10.639     0.999927        98398     13653.33
      10.647     0.999939        98399     16384.00
      10.759     0.999945        98400     18204.44
      10.967     0.999951        98401     20480.00
      10.967     0.999957        98401     23405.71
      10.999     0.999963        98402     27306.67
      10.999     0.999969        98402     32768.00
      11.007     0.999973        98403     36408.89
      11.007     0.999976        98403     40960.00
      11.007     0.999979        98403     46811.43
      11.263     0.999982        98404     54613.33
      11.263     0.999985        98404     65536.00
      11.263     0.999986        98404     72817.78
      11.263     0.999988        98404     81920.00
      11.263     0.999989        98404     93622.86
      11.375     0.999991        98405    109226.67
      11.375     1.000000        98405          inf
#[Mean    =        1.319, StdDeviation   =        0.796]
#[Max     =       11.368, Total count    =        98405]
#[Buckets =           27, SubBuckets     =         2048]
----------------------------------------------------------
  196988 requests in 20.01s, 12.96MB read
  Non-2xx or 3xx responses: 196988
Requests/sec:   9844.10
Transfer/sec:    663.32KB
