Running 20s test @ http://localhost:8080
  4 threads and 128 connections
  Thread calibration: mean lat.: 1.091ms, rate sampling interval: 10ms
  Thread calibration: mean lat.: 1.095ms, rate sampling interval: 10ms
  Thread calibration: mean lat.: 1.095ms, rate sampling interval: 10ms
  Thread calibration: mean lat.: 1.097ms, rate sampling interval: 10ms
  Thread Stats   Avg      Stdev     Max   +/- Stdev
    Latency     1.09ms  716.75us  13.98ms   86.44%
    Req/Sec     2.64k   275.69     5.89k    86.76%
  Latency Distribution (HdrHistogram - Recorded Latency)
 50.000%    1.03ms
 75.000%    1.39ms
 90.000%    1.70ms
 99.000%    2.79ms
 99.900%    9.62ms
 99.990%   12.02ms
 99.999%   12.89ms
100.000%   13.98ms

  Detailed Percentile spectrum:
       Value   Percentile   TotalCount 1/(1-Percentile)

       0.093     0.000000            2         1.00
       0.436     0.100000         9882         1.11
       0.597     0.200000        19686         1.25
       0.744     0.300000        29524         1.43
       0.887     0.400000        39406         1.67
       1.028     0.500000        49262         2.00
       1.097     0.550000        54160         2.22
       1.169     0.600000        59058         2.50
       1.242     0.650000        64009         2.86
       1.316     0.700000        68874         3.33
       1.393     0.750000        73834         4.00
       1.433     0.775000        76273         4.44
       1.476     0.800000        78748         5.00
       1.521     0.825000        81201         5.71
       1.572     0.850000        83645         6.67
       1.630     0.875000        86134         8.00
       1.662     0.887500        87326         8.89
       1.698     0.900000        88586        10.00
       1.739     0.912500        89796        11.43
       1.785     0.925000        91028        13.33
       1.840     0.937500        92250        16.00
       1.871     0.943750        92870        17.78
       1.905     0.950000        93472        20.00
       1.945     0.956250        94095        22.86
       1.997     0.962500        94704        26.67
       2.057     0.968750        95322        32.00
       2.091     0.971875        95636        35.56
       2.133     0.975000        95933        40.00
       2.183     0.978125        96247        45.71
       2.239     0.981250        96547        53.33
       2.339     0.984375        96853        64.00
       2.409     0.985938        97009        71.11
       2.495     0.987500        97161        80.00
       2.645     0.989062        97314        91.43
       2.933     0.990625        97468       106.67
       3.523     0.992188        97623       128.00
       3.949     0.992969        97699       142.22
       4.427     0.993750        97777       160.00
       4.927     0.994531        97852       182.86
       5.559     0.995313        97930       213.33
       6.215     0.996094        98006       256.00
       6.575     0.996484        98045       284.44
       7.027     0.996875        98083       320.00
       7.323     0.997266        98121       365.71
       7.799     0.997656        98161       426.67
       8.199     0.998047        98198       512.00
       8.511     0.998242        98218       568.89
       8.823     0.998437        98237       640.00
       9.087     0.998633        98257       731.43
       9.295     0.998828        98275       853.33
       9.655     0.999023        98294      1024.00
       9.767     0.999121        98304      1137.78
       9.951     0.999219        98314      1280.00
      10.191     0.999316        98324      1462.86
      10.359     0.999414        98333      1706.67
      10.647     0.999512        98342      2048.00
      10.775     0.999561        98347      2275.56
      10.951     0.999609        98352      2560.00
      10.991     0.999658        98357      2925.71
      11.319     0.999707        98362      3413.33
      11.391     0.999756        98366      4096.00
      11.511     0.999780        98369      4551.11
      11.591     0.999805        98371      5120.00
      11.719     0.999829        98374      5851.43
      11.895     0.999854        98376      6826.67
      11.951     0.999878        98378      8192.00
      12.023     0.999890        98380      9102.22
      12.047     0.999902        98381     10240.00
      12.135     0.999915        98382     11702.86
      12.463     0.999927        98383     13653.33
      12.471     0.999939        98384     16384.00
      12.591     0.999945        98385     18204.44
      12.639     0.999951        98386     20480.00
      12.639     0.999957        98386     23405.71
      12.647     0.999963        98387     27306.67
      12.647     0.999969        98387     32768.00
      12.695     0.999973        98388     36408.89
      12.695     0.999976        98388     40960.00
      12.695     0.999979        98388     46811.43
      12.887     0.999982        98389     54613.33
      12.887     0.999985        98389     65536.00
      12.887     0.999986        98389     72817.78
      12.887     0.999988        98389     81920.00
      12.887     0.999989        98389     93622.86
      13.983     0.999991        98390    109226.67
      13.983     1.000000        98390          inf
#[Mean    =        1.093, StdDeviation   =        0.717]
#[Max     =       13.976, Total count    =        98390]
#[Buckets =           27, SubBuckets     =         2048]
----------------------------------------------------------
  199272 requests in 20.00s, 12.73MB read
Requests/sec:   9964.02
Transfer/sec:    651.94KB
