Running 20s test @ http://localhost:8080
  4 threads and 128 connections
  Thread calibration: mean lat.: 1.104ms, rate sampling interval: 10ms
  Thread calibration: mean lat.: 1.109ms, rate sampling interval: 10ms
  Thread calibration: mean lat.: 1.099ms, rate sampling interval: 10ms
  Thread calibration: mean lat.: 1.102ms, rate sampling interval: 10ms
  Thread Stats   Avg      Stdev     Max   +/- Stdev
    Latency     1.21ms    2.07ms  72.26ms   98.80%
    Req/Sec     2.64k   309.33     9.00k    88.17%
  Latency Distribution (HdrHistogram - Recorded Latency)
 50.000%    1.05ms
 75.000%    1.42ms
 90.000%    1.74ms
 99.000%    4.20ms
 99.900%   35.65ms
 99.990%   68.54ms
 99.999%   72.06ms
100.000%   72.32ms

  Detailed Percentile spectrum:
       Value   Percentile   TotalCount 1/(1-Percentile)

       0.082     0.000000            1         1.00
       0.450     0.100000         9844         1.11
       0.616     0.200000        19736         1.25
       0.765     0.300000        29570         1.43
       0.908     0.400000        39424         1.67
       1.048     0.500000        49253         2.00
       1.119     0.550000        54158         2.22
       1.192     0.600000        59047         2.50
       1.268     0.650000        64030         2.86
       1.343     0.700000        68940         3.33
       1.423     0.750000        73849         4.00
       1.464     0.775000        76306         4.44
       1.507     0.800000        78716         5.00
       1.555     0.825000        81190         5.71
       1.606     0.850000        83658         6.67
       1.667     0.875000        86095         8.00
       1.701     0.887500        87344         8.89
       1.737     0.900000        88567        10.00
       1.778     0.912500        89788        11.43
       1.829     0.925000        91019        13.33
       1.888     0.937500        92261        16.00
       1.922     0.943750        92873        17.78
       1.959     0.950000        93484        20.00
       2.001     0.956250        94090        22.86
       2.057     0.962500        94718        26.67
       2.123     0.968750        95320        32.00
       2.161     0.971875        95638        35.56
       2.211     0.975000        95938        40.00
       2.273     0.978125        96243        45.71
       2.375     0.981250        96551        53.33
       2.585     0.984375        96859        64.00
       2.781     0.985938        97010        71.11
       3.119     0.987500        97163        80.00
       3.713     0.989062        97316        91.43
       4.499     0.990625        97470       106.67
       5.535     0.992188        97624       128.00
       6.047     0.992969        97701       142.22
       6.611     0.993750        97778       160.00
       7.503     0.994531        97854       182.86
       8.615     0.995313        97931       213.33
       9.671     0.996094        98008       256.00
      10.911     0.996484        98047       284.44
      12.071     0.996875        98085       320.00
      13.767     0.997266        98123       365.71
      16.607     0.997656        98162       426.67
      20.575     0.998047        98200       512.00
      22.079     0.998242        98220       568.89
      24.655     0.998437        98239       640.00
      27.695     0.998633        98258       731.43
      30.335     0.998828        98277       853.33
      35.839     0.999023        98296      1024.00
      40.159     0.999121        98306      1137.78
      43.871     0.999219        98316      1280.00
      47.327     0.999316        98325      1462.86
      50.975     0.999414        98335      1706.67
      53.919     0.999512        98344      2048.00
      55.839     0.999561        98349      2275.56
      58.015     0.999609        98354      2560.00
      59.615     0.999658        98360      2925.71
      60.607     0.999707        98364      3413.33
      62.783     0.999756        98368      4096.00
      64.447     0.999780        98371      4551.11
      65.119     0.999805        98373      5120.00
      65.983     0.999829        98376      5851.43
      66.815     0.999854        98378      6826.67
      67.583     0.999878        98380      8192.00
      68.543     0.999890        98382      9102.22
      69.119     0.999902        98384     10240.00
      69.119     0.999915        98384     11702.86
      69.503     0.999927        98385     13653.33
      70.015     0.999939        98386     16384.00
      70.207     0.999945        98387     18204.44
      71.103     0.999951        98388     20480.00
      71.103     0.999957        98388     23405.71
      71.167     0.999963        98389     27306.67
      71.167     0.999969        98389     32768.00
      71.423     0.999973        98390     36408.89
      71.423     0.999976        98390     40960.00
      71.423     0.999979        98390     46811.43
      72.063     0.999982        98391     54613.33
      72.063     0.999985        98391     65536.00
      72.063     0.999986        98391     72817.78
      72.063     0.999988        98391     81920.00
      72.063     0.999989        98391     93622.86
      72.319     0.999991        98392    109226.67
      72.319     1.000000        98392          inf
#[Mean    =        1.208, StdDeviation   =        2.066]
#[Max     =       72.256, Total count    =        98392]
#[Buckets =           27, SubBuckets     =         2048]
----------------------------------------------------------
  199274 requests in 20.00s, 13.79MB read
Requests/sec:   9964.11
Transfer/sec:    706.21KB
