Running 20s test @ http://localhost:8080
  4 threads and 128 connections
  Thread calibration: mean lat.: 1.098ms, rate sampling interval: 10ms
  Thread calibration: mean lat.: 1.097ms, rate sampling interval: 10ms
  Thread calibration: mean lat.: 1.092ms, rate sampling interval: 10ms
  Thread calibration: mean lat.: 1.087ms, rate sampling interval: 10ms
  Thread Stats   Avg      Stdev     Max   +/- Stdev
    Latency     1.10ms  697.92us  11.56ms   84.90%
    Req/Sec     2.64k   273.16     5.10k    86.64%
  Latency Distribution (HdrHistogram - Recorded Latency)
 50.000%    1.04ms
 75.000%    1.40ms
 90.000%    1.70ms
 99.000%    2.99ms
 99.900%    8.80ms
 99.990%   10.85ms
 99.999%   11.34ms
100.000%   11.57ms

  Detailed Percentile spectrum:
       Value   Percentile   TotalCount 1/(1-Percentile)

       0.071     0.000000            1         1.00
       0.442     0.100000         9895         1.11
       0.607     0.200000        19732         1.25
       0.755     0.300000        29568         1.43
       0.896     0.400000        39361         1.67
       1.037     0.500000        49252         2.00
       1.108     0.550000        54192         2.22
       1.177     0.600000        59045         2.50
       1.250     0.650000        64005         2.86
       1.323     0.700000        68874         3.33
       1.398     0.750000        73808         4.00
       1.438     0.775000        76254         4.44
       1.480     0.800000        78724         5.00
       1.526     0.825000        81214         5.71
       1.577     0.850000        83670         6.67
       1.634     0.875000        86094         8.00
       1.667     0.887500        87334         8.89
       1.702     0.900000        88552        10.00
       1.742     0.912500        89781        11.43
       1.789     0.925000        91026        13.33
       1.845     0.937500        92241        16.00
       1.876     0.943750        92876        17.78
       1.912     0.950000        93480        20.00
       1.950     0.956250        94090        22.86
       1.999     0.962500        94709        26.67
       2.057     0.968750        95320        32.00
       2.093     0.971875        95633        35.56
       2.137     0.975000        95937        40.00
       2.185     0.978125        96241        45.71
       2.255     0.981250        96548        53.33
       2.361     0.984375        96855        64.00
       2.437     0.985938        97009        71.11
       2.569     0.987500        97162        80.00
       2.815     0.989062        97314        91.43
       3.141     0.990625        97469       106.67
       3.711     0.992188        97623       128.00
       4.099     0.992969        97700       142.22
       4.603     0.993750        97777       160.00
       5.035     0.994531        97852       182.86
       5.591     0.995313        97929       213.33
       6.231     0.996094        98006       256.00
       6.515     0.996484        98045       284.44
       6.815     0.996875        98083       320.00
       7.155     0.997266        98122       365.71
       7.407     0.997656        98160       426.67
       7.847     0.998047        98199       512.00
       8.051     0.998242        98218       568.89
       8.247     0.998437        98237       640.00
       8.431     0.998633        98256       731.43
       8.559     0.998828        98275       853.33
       8.863     0.999023        98294      1024.00
       9.039     0.999121        98304      1137.78
       9.183     0.999219        98315      1280.00
       9.335     0.999316        98323      1462.86
       9.519     0.999414        98333      1706.67
       9.623     0.999512        98343      2048.00
       9.727     0.999561        98347      2275.56
       9.759     0.999609        98352      2560.00
       9.855     0.999658        98357      2925.71
       9.951     0.999707        98362      3413.33
      10.215     0.999756        98366      4096.00
      10.391     0.999780        98369      4551.11
      10.415     0.999805        98371      5120.00
      10.519     0.999829        98374      5851.43
      10.599     0.999854        98376      6826.67
      10.671     0.999878        98378      8192.00
      10.847     0.999890        98380      9102.22
      10.919     0.999902        98381     10240.00
      11.031     0.999915        98382     11702.86
      11.055     0.999927        98383     13653.33
      11.071     0.999939        98384     16384.00
      11.159     0.999945        98385     18204.44
      11.319     0.999951        98386     20480.00
      11.319     0.999957        98386     23405.71
      11.327     0.999963        98387     27306.67
      11.327     0.999969        98387     32768.00
      11.335     0.999973        98388     36408.89
      11.335     0.999976        98388     40960.00
      11.335     0.999979        98388     46811.43
      11.343     0.999982        98389     54613.33
      11.343     0.999985        98389     65536.00
      11.343     0.999986        98389     72817.78
      11.343     0.999988        98389     81920.00
      11.343     0.999989        98389     93622.86
      11.567     0.999991        98390    109226.67
      11.567     1.000000        98390          inf
#[Mean    =        1.100, StdDeviation   =        0.698]
#[Max     =       11.560, Total count    =        98390]
#[Buckets =           27, SubBuckets     =         2048]
----------------------------------------------------------
  199266 requests in 20.00s, 12.92MB read
Requests/sec:   9963.74
Transfer/sec:    661.65KB
