Running 1m test @ http://localhost:8080
  4 threads and 128 connections
  Thread calibration: mean lat.: 1.071ms, rate sampling interval: 10ms
  Thread calibration: mean lat.: 1.063ms, rate sampling interval: 10ms
  Thread calibration: mean lat.: 1.066ms, rate sampling interval: 10ms
  Thread calibration: mean lat.: 1.059ms, rate sampling interval: 10ms
  Thread Stats   Avg      Stdev     Max   +/- Stdev
    Latency     1.00ms  578.52us  14.62ms   77.68%
    Req/Sec     2.63k   220.03     5.55k    72.47%
  Latency Distribution (HdrHistogram - Recorded Latency)
 50.000%    0.95ms
 75.000%    1.29ms
 90.000%    1.58ms
 99.000%    2.59ms
 99.900%    6.19ms
 99.990%   10.38ms
 99.999%   13.23ms
100.000%   14.62ms

  Detailed Percentile spectrum:
       Value   Percentile   TotalCount 1/(1-Percentile)

       0.068     0.000000            1         1.00
       0.377     0.100000        49889         1.11
       0.541     0.200000        99994         1.25
       0.684     0.300000       149737         1.43
       0.818     0.400000       199386         1.67
       0.952     0.500000       249480         2.00
       1.018     0.550000       274123         2.22
       1.086     0.600000       299357         2.50
       1.151     0.650000       323999         2.86
       1.220     0.700000       349110         3.33
       1.289     0.750000       373795         4.00
       1.327     0.775000       386442         4.44
       1.366     0.800000       398770         5.00
       1.410     0.825000       411376         5.71
       1.459     0.850000       423848         6.67
       1.514     0.875000       436195         8.00
       1.545     0.887500       442395         8.89
       1.578     0.900000       448594        10.00
       1.617     0.912500       454915        11.43
       1.661     0.925000       461101        13.33
       1.710     0.937500       467237        16.00
       1.739     0.943750       470405        17.78
       1.770     0.950000       473459        20.00
       1.807     0.956250       476628        22.86
       1.849     0.962500       479727        26.67
       1.901     0.968750       482797        32.00
       1.932     0.971875       484384        35.56
       1.969     0.975000       485926        40.00
       2.013     0.978125       487484        45.71
       2.071     0.981250       489060        53.33
       2.149     0.984375       490618        64.00
       2.205     0.985938       491370        71.11
       2.285     0.987500       492144        80.00
       2.439     0.989062       492926        91.43
       2.721     0.990625       493705       106.67
       3.125     0.992188       494480       128.00
       3.341     0.992969       494867       142.22
       3.577     0.993750       495257       160.00
       3.843     0.994531       495645       182.86
       4.115     0.995313       496038       213.33
       4.419     0.996094       496427       256.00
       4.571     0.996484       496621       284.44
       4.755     0.996875       496815       320.00
       4.947     0.997266       497012       365.71
       5.159     0.997656       497204       426.67
       5.427     0.998047       497399       512.00
       5.555     0.998242       497496       568.89
       5.703     0.998437       497592       640.00
       5.859     0.998633       497689       731.43
       6.027     0.998828       497789       853.33
       6.219     0.999023       497885      1024.00
       6.339     0.999121       497934      1137.78
       6.475     0.999219       497982      1280.00
       6.579     0.999316       498032      1462.86
       6.739     0.999414       498078      1706.67
       6.939     0.999512       498127      2048.00
       7.119     0.999561       498151      2275.56
       7.275     0.999609       498176      2560.00
       7.427     0.999658       498201      2925.71
       7.623     0.999707       498225      3413.33
       8.011     0.999756       498249      4096.00
       8.223     0.999780       498261      4551.11
       8.391     0.999805       498274      5120.00
       8.847     0.999829       498285      5851.43
       9.183     0.999854       498297      6826.67
       9.695     0.999878       498310      8192.00
      10.191     0.999890       498316      9102.22
      10.447     0.999902       498322     10240.00
      10.815     0.999915       498328     11702.86
      11.207     0.999927       498334     13653.33
      11.407     0.999939       498340     16384.00
      11.599     0.999945       498343     18204.44
      11.727     0.999951       498346     20480.00
      11.951     0.999957       498349     23405.71
      12.079     0.999963       498352     27306.67
      12.151     0.999969       498355     32768.00
      12.263     0.999973       498357     36408.89
      12.447     0.999976       498358     40960.00
      12.671     0.999979       498360     46811.43
      12.727     0.999982       498361     54613.33
      13.071     0.999985       498363     65536.00
      13.087     0.999986       498364     72817.78
      13.087     0.999988       498364     81920.00
      13.231     0.999989       498365     93622.86
      13.471     0.999991       498366    109226.67
      13.767     0.999992       498367    131072.00
      13.767     0.999993       498367    145635.56
      13.767     0.999994       498367    163840.00
      14.263     0.999995       498368    187245.71
      14.263     0.999995       498368    218453.33
      14.487     0.999996       498369    262144.00
      14.487     0.999997       498369    291271.11
      14.487     0.999997       498369    327680.00
      14.487     0.999997       498369    374491.43
      14.487     0.999998       498369    436906.67
      14.623     0.999998       498370    524288.00
      14.623     1.000000       498370          inf
#[Mean    =        0.996, StdDeviation   =        0.579]
#[Max     =       14.616, Total count    =       498370]
#[Buckets =           27, SubBuckets     =         2048]
----------------------------------------------------------
  599251 requests in 1.00m, 38.29MB read
Requests/sec:   9988.12
Transfer/sec:    653.52KB
