Running 1m test @ http://localhost:8080
  4 threads and 4 connections
  Thread calibration: mean lat.: 1.075ms, rate sampling interval: 10ms
  Thread calibration: mean lat.: 1.082ms, rate sampling interval: 10ms
  Thread calibration: mean lat.: 1.076ms, rate sampling interval: 10ms
  Thread calibration: mean lat.: 1.086ms, rate sampling interval: 10ms
  Thread Stats   Avg      Stdev     Max   +/- Stdev
    Latency     1.09ms  642.96us  17.52ms   66.65%
    Req/Sec     5.27k   505.82    11.91k    71.95%
  Latency Distribution (HdrHistogram - Recorded Latency)
 50.000%    1.06ms
 75.000%    1.53ms
 90.000%    1.86ms
 99.000%    2.53ms
 99.900%    5.50ms
 99.990%   10.65ms
 99.999%   16.19ms
100.000%   17.53ms

  Detailed Percentile spectrum:
       Value   Percentile   TotalCount 1/(1-Percentile)

       0.037     0.000000            1         1.00
       0.280     0.100000       100227         1.11
       0.496     0.200000       200152         1.25
       0.710     0.300000       300184         1.43
       0.918     0.400000       400258         1.67
       1.057     0.500000       500207         2.00
       1.113     0.550000       550430         2.22
       1.207     0.600000       600255         2.50
       1.315     0.650000       650374         2.86
       1.423     0.700000       700235         3.33
       1.531     0.750000       750049         4.00
       1.586     0.775000       775038         4.44
       1.641     0.800000       799970         5.00
       1.695     0.825000       825298         5.71
       1.750     0.850000       850181         6.67
       1.806     0.875000       875244         8.00
       1.832     0.887500       887552         8.89
       1.859     0.900000       900142        10.00
       1.887     0.912500       912483        11.43
       1.916     0.925000       925104        13.33
       1.944     0.937500       937650        16.00
       1.958     0.943750       944059        17.78
       1.971     0.950000       950024        20.00
       1.985     0.956250       956172        22.86
       2.000     0.962500       962666        26.67
       2.014     0.968750       968695        32.00
       2.022     0.971875       972052        35.56
       2.030     0.975000       975171        40.00
       2.039     0.978125       978136        45.71
       2.053     0.981250       981394        53.33
       2.079     0.984375       984321        64.00
       2.113     0.985938       985891        71.11
       2.211     0.987500       987416        80.00
       2.393     0.989062       988996        91.43
       2.635     0.990625       990546       106.67
       2.929     0.992188       992103       128.00
       3.101     0.992969       992899       142.22
       3.285     0.993750       993670       160.00
       3.477     0.994531       994448       182.86
       3.701     0.995313       995234       213.33
       3.947     0.996094       996013       256.00
       4.075     0.996484       996399       284.44
       4.219     0.996875       996792       320.00
       4.371     0.997266       997184       365.71
       4.543     0.997656       997576       426.67
       4.751     0.998047       997964       512.00
       4.871     0.998242       998158       568.89
       5.015     0.998437       998359       640.00
       5.171     0.998633       998551       731.43
       5.331     0.998828       998743       853.33
       5.531     0.999023       998938      1024.00
       5.639     0.999121       999038      1137.78
       5.775     0.999219       999137      1280.00
       5.951     0.999316       999232      1462.86
       6.163     0.999414       999330      1706.67
       6.379     0.999512       999426      2048.00
       6.507     0.999561       999475      2275.56
       6.683     0.999609       999524      2560.00
       6.895     0.999658       999573      2925.71
       7.171     0.999707       999622      3413.33
       7.607     0.999756       999670      4096.00
       7.863     0.999780       999696      4551.11
       8.127     0.999805       999719      5120.00
       8.527     0.999829       999745      5851.43
       9.007     0.999854       999769      6826.67
       9.863     0.999878       999792      8192.00
      10.359     0.999890       999805      9102.22
      10.783     0.999902       999817     10240.00
      11.039     0.999915       999829     11702.86
      11.303     0.999927       999841     13653.33
      11.735     0.999939       999853     16384.00
      12.015     0.999945       999861     18204.44
      12.207     0.999951       999866     20480.00
      12.391     0.999957       999872     23405.71
      12.607     0.999963       999878     27306.67
      13.391     0.999969       999884     32768.00
      13.815     0.999973       999887     36408.89
      14.239     0.999976       999890     40960.00
      14.647     0.999979       999893     46811.43
      15.063     0.999982       999896     54613.33
      15.479     0.999985       999899     65536.00
      15.767     0.999986       999901     72817.78
      15.903     0.999988       999902     81920.00
      16.191     0.999989       999904     93622.86
      16.335     0.999991       999905    109226.67
      16.623     0.999992       999907    131072.00
      16.767     0.999993       999908    145635.56
      16.767     0.999994       999908    163840.00
      16.911     0.999995       999909    187245.71
      17.055     0.999995       999910    218453.33
      17.199     0.999996       999911    262144.00
      17.199     0.999997       999911    291271.11
      17.199     0.999997       999911    327680.00
      17.311     0.999997       999912    374491.43
      17.311     0.999998       999912    436906.67
      17.423     0.999998       999913    524288.00
      17.423     0.999998       999913    582542.22
      17.423     0.999998       999913    655360.00
      17.423     0.999999       999913    748982.86
      17.423     0.999999       999913    873813.33
      17.535     0.999999       999914   1048576.00
      17.535     1.000000       999914          inf
#[Mean    =        1.086, StdDeviation   =        0.643]
#[Max     =       17.520, Total count    =       999914]
#[Buckets =           27, SubBuckets     =         2048]
----------------------------------------------------------
  1199977 requests in 1.00m, 76.67MB read
Requests/sec:  19999.73
Transfer/sec:      1.28MB
