Running 1m test @ http://localhost:8080
  4 threads and 4 connections
  Thread calibration: mean lat.: 124.357ms, rate sampling interval: 544ms
  Thread calibration: mean lat.: 103.633ms, rate sampling interval: 615ms
  Thread calibration: mean lat.: 380.043ms, rate sampling interval: 1115ms
  Thread calibration: mean lat.: 213.978ms, rate sampling interval: 995ms
  Thread Stats   Avg      Stdev     Max   +/- Stdev
    Latency     1.39s     1.16s    4.19s    70.23%
    Req/Sec     9.62k     0.92k   10.95k    54.14%
  Latency Distribution (HdrHistogram - Recorded Latency)
 50.000%  935.93ms
 75.000%    2.09s 
 90.000%    3.43s 
 99.000%    4.13s 
 99.900%    4.19s 
 99.990%    4.19s 
 99.999%    4.19s 
100.000%    4.19s 

  Detailed Percentile spectrum:
       Value   Percentile   TotalCount 1/(1-Percentile)

       0.075     0.000000            1         1.00
     235.135     0.100000       191170         1.11
     376.831     0.200000       382089         1.25
     609.279     0.300000       573512         1.43
     760.319     0.400000       764064         1.67
     935.935     0.500000       954882         2.00
    1086.463     0.550000      1051598         2.22
    1200.127     0.600000      1146379         2.50
    1524.735     0.650000      1241927         2.86
    1765.375     0.700000      1336681         3.33
    2085.887     0.750000      1432256         4.00
    2330.623     0.775000      1480539         4.44
    2559.999     0.800000      1527767         5.00
    2760.703     0.825000      1575464         5.71
    2985.983     0.850000      1623173         6.67
    3139.583     0.875000      1671276         8.00
    3334.143     0.887500      1694765         8.89
    3432.447     0.900000      1719973        10.00
    3457.023     0.912500      1743113        11.43
    3604.479     0.925000      1766537        13.33
    3688.447     0.937500      1791034        16.00
    3702.783     0.943750      1802141        17.78
    3735.551     0.950000      1814679        20.00
    3819.519     0.956250      1826012        22.86
    3895.295     0.962500      1838694        26.67
    3926.015     0.968750      1850154        32.00
    3948.543     0.971875      1858346        35.56
    3954.687     0.975000      1861978        40.00
    4012.031     0.978125      1867851        45.71
    4050.943     0.981250      1874076        53.33
    4081.663     0.984375      1879902        64.00
    4106.239     0.985938      1884220        71.11
    4110.335     0.987500      1886796        80.00
    4120.575     0.989062      1888741        91.43
    4128.767     0.990625      1893032       106.67
    4134.911     0.992188      1895634       128.00
    4136.959     0.992969      1896398       142.22
    4145.151     0.993750      1898535       160.00
    4149.247     0.994531      1899764       182.86
    4153.343     0.995313      1900611       213.33
    4161.535     0.996094      1902526       256.00
    4163.583     0.996484      1903529       284.44
    4165.631     0.996875      1903834       320.00
    4179.967     0.997266      1905796       365.71
    4179.967     0.997656      1905796       426.67
    4182.015     0.998047      1905954       512.00
    4186.111     0.998242      1906188       568.89
    4188.159     0.998437      1906858       640.00
    4190.207     0.998633      1907962       731.43
    4190.207     0.998828      1907962       853.33
    4190.207     0.999023      1907962      1024.00
    4190.207     0.999121      1907962      1137.78
    4192.255     0.999219      1909333      1280.00
    4192.255     0.999316      1909333      1462.86
    4192.255     0.999414      1909333      1706.67
    4192.255     0.999512      1909333      2048.00
    4192.255     0.999561      1909333      2275.56
    4192.255     0.999609      1909333      2560.00
    4192.255     0.999658      1909333      2925.71
    4192.255     0.999707      1909333      3413.33
    4192.255     0.999756      1909333      4096.00
    4192.255     0.999780      1909333      4551.11
    4192.255     0.999805      1909333      5120.00
    4192.255     0.999829      1909333      5851.43
    4192.255     0.999854      1909333      6826.67
    4192.255     0.999878      1909333      8192.00
    4194.303     0.999890      1909544      9102.22
    4194.303     1.000000      1909544          inf
#[Mean    =     1388.829, StdDeviation   =     1158.627]
#[Max     =     4192.256, Total count    =      1909544]
#[Buckets =           27, SubBuckets     =         2048]
----------------------------------------------------------
  2290859 requests in 1.00m, 146.38MB read
Requests/sec:  38181.54
Transfer/sec:      2.44MB
