Running 1m test @ http://localhost:8080
  4 threads and 4 connections
  Thread calibration: mean lat.: 1.580ms, rate sampling interval: 10ms
  Thread calibration: mean lat.: 1.547ms, rate sampling interval: 10ms
  Thread calibration: mean lat.: 1.720ms, rate sampling interval: 10ms
  Thread calibration: mean lat.: 1.704ms, rate sampling interval: 10ms
  Thread Stats   Avg      Stdev     Max   +/- Stdev
    Latency    24.92ms  116.93ms   1.01s    95.78%
    Req/Sec   258.63     64.06   700.00     75.69%
  Latency Distribution (HdrHistogram - Recorded Latency)
 50.000%    1.64ms
 75.000%    1.96ms
 90.000%    2.63ms
 99.000%  745.47ms
 99.900%  944.64ms
 99.990%    1.01s 
 99.999%    1.01s 
100.000%    1.01s 

  Detailed Percentile spectrum:
       Value   Percentile   TotalCount 1/(1-Percentile)

       0.601     0.000000            1         1.00
       1.036     0.100000         4925         1.11
       1.245     0.200000         9827         1.25
       1.404     0.300000        14721         1.43
       1.531     0.400000        19630         1.67
       1.644     0.500000        24542         2.00
       1.699     0.550000        26982         2.22
       1.756     0.600000        29449         2.50
       1.818     0.650000        31923         2.86
       1.882     0.700000        34366         3.33
       1.956     0.750000        36812         4.00
       2.000     0.775000        38017         4.44
       2.051     0.800000        39264         5.00
       2.109     0.825000        40502         5.71
       2.185     0.850000        41699         6.67
       2.323     0.875000        42933         8.00
       2.443     0.887500        43541         8.89
       2.629     0.900000        44147        10.00
       2.989     0.912500        44760        11.43
       4.081     0.925000        45374        13.33
       6.971     0.937500        45987        16.00
      15.879     0.943750        46293        17.78
      52.319     0.950000        46600        20.00
     115.263     0.956250        46906        22.86
     236.031     0.962500        47214        26.67
     314.879     0.968750        47520        32.00
     372.479     0.971875        47673        35.56
     428.799     0.975000        47826        40.00
     492.031     0.978125        47980        45.71
     568.319     0.981250        48133        53.33
     630.271     0.984375        48286        64.00
     668.671     0.985938        48363        71.11
     699.903     0.987500        48440        80.00
     722.431     0.989062        48516        91.43
     757.759     0.990625        48593       106.67
     791.039     0.992188        48669       128.00
     804.863     0.992969        48709       142.22
     821.759     0.993750        48746       160.00
     837.119     0.994531        48784       182.86
     857.599     0.995313        48825       213.33
     871.935     0.996094        48861       256.00
     876.543     0.996484        48881       284.44
     883.199     0.996875        48900       320.00
     889.343     0.997266        48919       365.71
     895.999     0.997656        48938       426.67
     907.775     0.998047        48957       512.00
     912.895     0.998242        48966       568.89
     923.647     0.998437        48976       640.00
     927.743     0.998633        48985       731.43
     933.887     0.998828        48995       853.33
     945.663     0.999023        49008      1024.00
     946.175     0.999121        49009      1137.78
     954.367     0.999219        49014      1280.00
     957.951     0.999316        49020      1462.86
     961.023     0.999414        49024      1706.67
     966.143     0.999512        49029      2048.00
     970.751     0.999561        49031      2275.56
     973.823     0.999609        49033      2560.00
     978.431     0.999658        49036      2925.71
     992.255     0.999707        49038      3413.33
     995.839     0.999756        49041      4096.00
     997.887     0.999780        49042      4551.11
    1000.959     0.999805        49043      5120.00
    1001.983     0.999829        49044      5851.43
    1006.079     0.999854        49046      6826.67
    1010.175     0.999878        49049      8192.00
    1010.175     0.999890        49049      9102.22
    1010.175     0.999902        49049     10240.00
    1010.175     0.999915        49049     11702.86
    1010.175     0.999927        49049     13653.33
    1012.223     0.999939        49050     16384.00
    1012.223     0.999945        49050     18204.44
    1012.223     0.999951        49050     20480.00
    1012.223     0.999957        49050     23405.71
    1012.735     0.999963        49052     27306.67
    1012.735     1.000000        49052          inf
#[Mean    =       24.924, StdDeviation   =      116.926]
#[Max     =     1012.224, Total count    =        49052]
#[Buckets =           27, SubBuckets     =         2048]
----------------------------------------------------------
  59058 requests in 1.00m, 4.03MB read
Requests/sec:    984.20
Transfer/sec:     68.79KB
