Running 1m test @ http://localhost:8080
  4 threads and 4 connections
  Thread calibration: mean lat.: 1.586ms, rate sampling interval: 10ms
  Thread calibration: mean lat.: 1.660ms, rate sampling interval: 10ms
  Thread calibration: mean lat.: 1.691ms, rate sampling interval: 10ms
  Thread calibration: mean lat.: 1.479ms, rate sampling interval: 10ms
  Thread Stats   Avg      Stdev     Max   +/- Stdev
    Latency     1.59ms  718.75us  14.94ms   86.86%
    Req/Sec   263.42     57.84   600.00     51.45%
  Latency Distribution (HdrHistogram - Recorded Latency)
 50.000%    1.49ms
 75.000%    1.81ms
 90.000%    2.17ms
 99.000%    4.51ms
 99.900%    8.09ms
 99.990%   11.43ms
 99.999%   14.95ms
100.000%   14.95ms

  Detailed Percentile spectrum:
       Value   Percentile   TotalCount 1/(1-Percentile)

       0.384     0.000000            1         1.00
       0.959     0.100000         5004         1.11
       1.134     0.200000        10019         1.25
       1.266     0.300000        15040         1.43
       1.379     0.400000        20011         1.67
       1.486     0.500000        25037         2.00
       1.542     0.550000        27503         2.22
       1.600     0.600000        30005         2.50
       1.663     0.650000        32498         2.86
       1.734     0.700000        35021         3.33
       1.811     0.750000        37521         4.00
       1.854     0.775000        38768         4.44
       1.902     0.800000        39997         5.00
       1.956     0.825000        41262         5.71
       2.018     0.850000        42510         6.67
       2.087     0.875000        43755         8.00
       2.127     0.887500        44372         8.89
       2.171     0.900000        45001        10.00
       2.221     0.912500        45645        11.43
       2.279     0.925000        46249        13.33
       2.363     0.937500        46876        16.00
       2.415     0.943750        47187        17.78
       2.473     0.950000        47501        20.00
       2.547     0.956250        47809        22.86
       2.651     0.962500        48122        26.67
       2.795     0.968750        48440        32.00
       2.887     0.971875        48591        35.56
       3.003     0.975000        48746        40.00
       3.141     0.978125        48903        45.71
       3.309     0.981250        49059        53.33
       3.533     0.984375        49214        64.00
       3.681     0.985938        49293        71.11
       3.881     0.987500        49371        80.00
       4.175     0.989062        49449        91.43
       4.707     0.990625        49529       106.67
       5.259     0.992188        49606       128.00
       5.651     0.992969        49644       142.22
       5.959     0.993750        49683       160.00
       6.275     0.994531        49722       182.86
       6.535     0.995313        49761       213.33
       6.831     0.996094        49800       256.00
       6.963     0.996484        49820       284.44
       7.107     0.996875        49839       320.00
       7.219     0.997266        49859       365.71
       7.347     0.997656        49878       426.67
       7.451     0.998047        49898       512.00
       7.551     0.998242        49908       568.89
       7.667     0.998437        49917       640.00
       7.775     0.998633        49927       731.43
       7.899     0.998828        49937       853.33
       8.107     0.999023        49947      1024.00
       8.159     0.999121        49952      1137.78
       8.215     0.999219        49956      1280.00
       8.319     0.999316        49962      1462.86
       8.663     0.999414        49966      1706.67
       8.959     0.999512        49971      2048.00
       9.335     0.999561        49974      2275.56
       9.479     0.999609        49976      2560.00
       9.847     0.999658        49978      2925.71
      10.167     0.999707        49981      3413.33
      10.255     0.999756        49983      4096.00
      10.495     0.999780        49985      4551.11
      10.671     0.999805        49986      5120.00
      10.703     0.999829        49987      5851.43
      10.895     0.999854        49988      6826.67
      11.111     0.999878        49989      8192.00
      11.431     0.999890        49990      9102.22
      11.607     0.999902        49991     10240.00
      11.607     0.999915        49991     11702.86
      11.719     0.999927        49992     13653.33
      11.719     0.999939        49992     16384.00
      11.975     0.999945        49993     18204.44
      11.975     0.999951        49993     20480.00
      11.975     0.999957        49993     23405.71
      12.359     0.999963        49994     27306.67
      12.359     0.999969        49994     32768.00
      12.359     0.999973        49994     36408.89
      12.359     0.999976        49994     40960.00
      12.359     0.999979        49994     46811.43
      14.951     0.999982        49995     54613.33
      14.951     1.000000        49995          inf
#[Mean    =        1.586, StdDeviation   =        0.719]
#[Max     =       14.944, Total count    =        49995]
#[Buckets =           27, SubBuckets     =         2048]
----------------------------------------------------------
  60004 requests in 1.00m, 3.95MB read
  Non-2xx or 3xx responses: 60004
Requests/sec:   1000.03
Transfer/sec:     67.39KB
