Running 1m test @ http://localhost:8080
  4 threads and 4 connections
  Thread calibration: mean lat.: 1.667ms, rate sampling interval: 10ms
  Thread calibration: mean lat.: 1.653ms, rate sampling interval: 10ms
  Thread calibration: mean lat.: 1.632ms, rate sampling interval: 10ms
  Thread calibration: mean lat.: 1.334ms, rate sampling interval: 10ms
  Thread Stats   Avg      Stdev     Max   +/- Stdev
    Latency     1.59ms    1.19ms  71.68ms   96.75%
    Req/Sec   262.82     58.63     1.44k    58.13%
  Latency Distribution (HdrHistogram - Recorded Latency)
 50.000%    1.47ms
 75.000%    1.80ms
 90.000%    2.15ms
 99.000%    5.69ms
 99.900%   10.67ms
 99.990%   54.43ms
 99.999%   71.74ms
100.000%   71.74ms

  Detailed Percentile spectrum:
       Value   Percentile   TotalCount 1/(1-Percentile)

       0.367     0.000000            1         1.00
       0.896     0.100000         5006         1.11
       1.061     0.200000        10013         1.25
       1.213     0.300000        15011         1.43
       1.352     0.400000        20031         1.67
       1.474     0.500000        25047         2.00
       1.533     0.550000        27520         2.22
       1.596     0.600000        30010         2.50
       1.659     0.650000        32501         2.86
       1.726     0.700000        35023         3.33
       1.805     0.750000        37528         4.00
       1.851     0.775000        38758         4.44
       1.900     0.800000        40008         5.00
       1.954     0.825000        41255         5.71
       2.009     0.850000        42505         6.67
       2.077     0.875000        43781         8.00
       2.109     0.887500        44375         8.89
       2.149     0.900000        45016        10.00
       2.195     0.912500        45643        11.43
       2.251     0.925000        46250        13.33
       2.329     0.937500        46883        16.00
       2.375     0.943750        47190        17.78
       2.431     0.950000        47508        20.00
       2.515     0.956250        47812        22.86
       2.635     0.962500        48126        26.67
       2.829     0.968750        48440        32.00
       2.983     0.971875        48595        35.56
       3.201     0.975000        48750        40.00
       3.581     0.978125        48906        45.71
       3.985     0.981250        49062        53.33
       4.447     0.984375        49218        64.00
       4.715     0.985938        49296        71.11
       5.151     0.987500        49375        80.00
       5.491     0.989062        49453        91.43
       5.763     0.990625        49531       106.67
       6.091     0.992188        49609       128.00
       6.299     0.992969        49648       142.22
       6.515     0.993750        49688       160.00
       6.711     0.994531        49726       182.86
       7.007     0.995313        49765       213.33
       7.255     0.996094        49804       256.00
       7.471     0.996484        49824       284.44
       7.851     0.996875        49843       320.00
       8.183     0.997266        49863       365.71
       8.503     0.997656        49882       426.67
       8.935     0.998047        49902       512.00
       9.207     0.998242        49912       568.89
       9.511     0.998437        49921       640.00
       9.687     0.998633        49931       731.43
      10.223     0.998828        49941       853.33
      10.767     0.999023        49951      1024.00
      11.047     0.999121        49956      1137.78
      11.391     0.999219        49960      1280.00
      12.191     0.999316        49965      1462.86
      12.959     0.999414        49971      1706.67
      14.031     0.999512        49975      2048.00
      15.591     0.999561        49978      2275.56
      16.335     0.999609        49980      2560.00
      18.095     0.999658        49982      2925.71
      22.847     0.999707        49985      3413.33
      29.791     0.999756        49987      4096.00
      37.023     0.999780        49989      4551.11
      40.063     0.999805        49990      5120.00
      43.679     0.999829        49991      5851.43
      47.231     0.999854        49992      6826.67
      50.879     0.999878        49993      8192.00
      54.431     0.999890        49994      9102.22
      58.015     0.999902        49995     10240.00
      58.015     0.999915        49995     11702.86
      61.311     0.999927        49996     13653.33
      61.311     0.999939        49996     16384.00
      64.735     0.999945        49997     18204.44
      64.735     0.999951        49997     20480.00
      64.735     0.999957        49997     23405.71
      68.159     0.999963        49998     27306.67
      68.159     0.999969        49998     32768.00
      68.159     0.999973        49998     36408.89
      68.159     0.999976        49998     40960.00
      68.159     0.999979        49998     46811.43
      71.743     0.999982        49999     54613.33
      71.743     1.000000        49999          inf
#[Mean    =        1.591, StdDeviation   =        1.188]
#[Max     =       71.680, Total count    =        49999]
#[Buckets =           27, SubBuckets     =         2048]
----------------------------------------------------------
  60004 requests in 1.00m, 3.83MB read
Requests/sec:   1000.02
Transfer/sec:     65.43KB
