Running 20s test @ http://localhost:8080
  4 threads and 128 connections
  Thread calibration: mean lat.: 1.027ms, rate sampling interval: 10ms
  Thread calibration: mean lat.: 1.022ms, rate sampling interval: 10ms
  Thread calibration: mean lat.: 1.652ms, rate sampling interval: 10ms
  Thread calibration: mean lat.: 1.026ms, rate sampling interval: 10ms
  Thread Stats   Avg      Stdev     Max   +/- Stdev
    Latency     1.18ms  624.24us   9.48ms   71.97%
    Req/Sec     2.64k   597.15     4.55k    87.06%
  Latency Distribution (HdrHistogram - Recorded Latency)
 50.000%    1.12ms
 75.000%    1.51ms
 90.000%    1.93ms
 99.000%    3.05ms
 99.900%    5.28ms
 99.990%    7.92ms
 99.999%    9.19ms
100.000%    9.49ms

  Detailed Percentile spectrum:
       Value   Percentile   TotalCount 1/(1-Percentile)

       0.068     0.000000            1         1.00
       0.459     0.100000         9871         1.11
       0.648     0.200000        19696         1.25
       0.815     0.300000        29564         1.43
       0.970     0.400000        39361         1.67
       1.121     0.500000        49200         2.00
       1.198     0.550000        54180         2.22
       1.271     0.600000        59067         2.50
       1.348     0.650000        63973         2.86
       1.426     0.700000        68897         3.33
       1.511     0.750000        73807         4.00
       1.558     0.775000        76282         4.44
       1.611     0.800000        78719         5.00
       1.672     0.825000        81207         5.71
       1.742     0.850000        83659         6.67
       1.826     0.875000        86102         8.00
       1.877     0.887500        87342         8.89
       1.933     0.900000        88558        10.00
       1.998     0.912500        89791        11.43
       2.073     0.925000        91029        13.33
       2.163     0.937500        92255        16.00
       2.217     0.943750        92873        17.78
       2.279     0.950000        93484        20.00
       2.351     0.956250        94094        22.86
       2.429     0.962500        94717        26.67
       2.525     0.968750        95333        32.00
       2.583     0.971875        95635        35.56
       2.635     0.975000        95946        40.00
       2.695     0.978125        96252        45.71
       2.767     0.981250        96554        53.33
       2.851     0.984375        96861        64.00
       2.897     0.985938        97013        71.11
       2.949     0.987500        97167        80.00
       3.007     0.989062        97322        91.43
       3.073     0.990625        97477       106.67
       3.155     0.992188        97628       128.00
       3.201     0.992969        97710       142.22
       3.245     0.993750        97784       160.00
       3.305     0.994531        97859       182.86
       3.377     0.995313        97935       213.33
       3.465     0.996094        98012       256.00
       3.501     0.996484        98051       284.44
       3.563     0.996875        98089       320.00
       3.647     0.997266        98128       365.71
       3.717     0.997656        98167       426.67
       3.831     0.998047        98204       512.00
       4.009     0.998242        98225       568.89
       4.199     0.998437        98243       640.00
       4.495     0.998633        98262       731.43
       4.819     0.998828        98281       853.33
       5.299     0.999023        98300      1024.00
       5.531     0.999121        98310      1137.78
       5.803     0.999219        98320      1280.00
       6.099     0.999316        98329      1462.86
       6.371     0.999414        98339      1706.67
       6.623     0.999512        98348      2048.00
       6.735     0.999561        98353      2275.56
       6.835     0.999609        98358      2560.00
       7.003     0.999658        98363      2925.71
       7.215     0.999707        98368      3413.33
       7.375     0.999756        98372      4096.00
       7.415     0.999780        98375      4551.11
       7.443     0.999805        98377      5120.00
       7.527     0.999829        98380      5851.43
       7.619     0.999854        98382      6826.67
       7.743     0.999878        98384      8192.00
       7.923     0.999890        98386      9102.22
       8.143     0.999902        98387     10240.00
       8.223     0.999915        98388     11702.86
       8.231     0.999927        98389     13653.33
       8.247     0.999939        98390     16384.00
       8.327     0.999945        98391     18204.44
       8.519     0.999951        98392     20480.00
       8.519     0.999957        98392     23405.71
       8.815     0.999963        98393     27306.67
       8.815     0.999969        98393     32768.00
       9.015     0.999973        98394     36408.89
       9.015     0.999976        98394     40960.00
       9.015     0.999979        98394     46811.43
       9.191     0.999982        98395     54613.33
       9.191     0.999985        98395     65536.00
       9.191     0.999986        98395     72817.78
       9.191     0.999988        98395     81920.00
       9.191     0.999989        98395     93622.86
       9.487     0.999991        98396    109226.67
       9.487     1.000000        98396          inf
#[Mean    =        1.182, StdDeviation   =        0.624]
#[Max     =        9.480, Total count    =        98396]
#[Buckets =           27, SubBuckets     =         2048]
----------------------------------------------------------
  196977 requests in 20.01s, 15.59MB read
  Non-2xx or 3xx responses: 196977
Requests/sec:   9844.74
Transfer/sec:    797.96KB
