Running 20s test @ http://localhost:8080
  4 threads and 128 connections
  Thread calibration: mean lat.: 1.047ms, rate sampling interval: 10ms
  Thread calibration: mean lat.: 1.034ms, rate sampling interval: 10ms
  Thread calibration: mean lat.: 1.572ms, rate sampling interval: 10ms
  Thread calibration: mean lat.: 1.055ms, rate sampling interval: 10ms
  Thread Stats   Avg      Stdev     Max   +/- Stdev
    Latency     1.18ms  715.05us  14.30ms   80.02%
    Req/Sec     2.64k   554.84     5.67k    86.97%
  Latency Distribution (HdrHistogram - Recorded Latency)
 50.000%    1.11ms
 75.000%    1.49ms
 90.000%    1.89ms
 99.000%    3.02ms
 99.900%    9.45ms
 99.990%   13.18ms
 99.999%   14.26ms
100.000%   14.30ms

  Detailed Percentile spectrum:
       Value   Percentile   TotalCount 1/(1-Percentile)

       0.078     0.000000            1         1.00
       0.462     0.100000         9873         1.11
       0.646     0.200000        19718         1.25
       0.806     0.300000        29573         1.43
       0.957     0.400000        39379         1.67
       1.106     0.500000        49235         2.00
       1.180     0.550000        54182         2.22
       1.255     0.600000        59090         2.50
       1.329     0.650000        63977         2.86
       1.407     0.700000        68927         3.33
       1.490     0.750000        73851         4.00
       1.534     0.775000        76309         4.44
       1.582     0.800000        78755         5.00
       1.639     0.825000        81210         5.71
       1.706     0.850000        83655         6.67
       1.788     0.875000        86125         8.00
       1.836     0.887500        87339         8.89
       1.892     0.900000        88572        10.00
       1.957     0.912500        89802        11.43
       2.032     0.925000        91036        13.33
       2.121     0.937500        92256        16.00
       2.173     0.943750        92883        17.78
       2.231     0.950000        93489        20.00
       2.303     0.956250        94108        22.86
       2.383     0.962500        94715        26.67
       2.475     0.968750        95331        32.00
       2.529     0.971875        95638        35.56
       2.579     0.975000        95945        40.00
       2.643     0.978125        96250        45.71
       2.713     0.981250        96561        53.33
       2.797     0.984375        96864        64.00
       2.849     0.985938        97018        71.11
       2.911     0.987500        97171        80.00
       2.973     0.989062        97325        91.43
       3.051     0.990625        97481       106.67
       3.169     0.992188        97633       128.00
       3.225     0.992969        97710       142.22
       3.323     0.993750        97788       160.00
       3.445     0.994531        97864       182.86
       3.631     0.995313        97940       213.33
       4.085     0.996094        98017       256.00
       4.507     0.996484        98056       284.44
       5.007     0.996875        98094       320.00
       5.607     0.997266        98132       365.71
       6.235     0.997656        98171       426.67
       6.967     0.998047        98209       512.00
       7.511     0.998242        98229       568.89
       8.007     0.998437        98249       640.00
       8.455     0.998633        98267       731.43
       9.055     0.998828        98286       853.33
       9.519     0.999023        98305      1024.00
       9.775     0.999121        98315      1137.78
      10.095     0.999219        98325      1280.00
      10.463     0.999316        98335      1462.86
      10.799     0.999414        98344      1706.67
      11.223     0.999512        98353      2048.00
      11.303     0.999561        98359      2275.56
      11.423     0.999609        98363      2560.00
      11.679     0.999658        98368      2925.71
      11.919     0.999707        98373      3413.33
      12.055     0.999756        98377      4096.00
      12.391     0.999780        98380      4551.11
      12.471     0.999805        98382      5120.00
      12.639     0.999829        98385      5851.43
      12.839     0.999854        98387      6826.67
      13.127     0.999878        98389      8192.00
      13.175     0.999890        98391      9102.22
      13.295     0.999902        98392     10240.00
      13.407     0.999915        98393     11702.86
      13.487     0.999927        98394     13653.33
      13.503     0.999939        98395     16384.00
      13.647     0.999945        98396     18204.44
      13.783     0.999951        98397     20480.00
      13.783     0.999957        98397     23405.71
      13.991     0.999963        98398     27306.67
      13.991     0.999969        98398     32768.00
      14.175     0.999973        98399     36408.89
      14.175     0.999976        98399     40960.00
      14.175     0.999979        98399     46811.43
      14.263     0.999982        98400     54613.33
      14.263     0.999985        98400     65536.00
      14.263     0.999986        98400     72817.78
      14.263     0.999988        98400     81920.00
      14.263     0.999989        98400     93622.86
      14.303     0.999991        98401    109226.67
      14.303     1.000000        98401          inf
#[Mean    =        1.178, StdDeviation   =        0.715]
#[Max     =       14.296, Total count    =        98401]
#[Buckets =           27, SubBuckets     =         2048]
----------------------------------------------------------
  196974 requests in 20.00s, 12.59MB read
Requests/sec:   9848.80
Transfer/sec:    644.40KB
