Running 20s test @ http://localhost:8080
  4 threads and 128 connections
  Thread calibration: mean lat.: 1.017ms, rate sampling interval: 10ms
  Thread calibration: mean lat.: 1.019ms, rate sampling interval: 10ms
  Thread calibration: mean lat.: 1.024ms, rate sampling interval: 10ms
  Thread calibration: mean lat.: 1.018ms, rate sampling interval: 10ms
  Thread Stats   Avg      Stdev     Max   +/- Stdev
    Latency     1.02ms  498.32us   8.26ms   69.72%
    Req/Sec     2.65k   207.92     4.00k    70.14%
  Latency Distribution (HdrHistogram - Recorded Latency)
 50.000%    1.00ms
 75.000%    1.35ms
 90.000%    1.61ms
 99.000%    2.16ms
 99.900%    5.20ms
 99.990%    7.57ms
 99.999%    8.01ms
100.000%    8.27ms

  Detailed Percentile spectrum:
       Value   Percentile   TotalCount 1/(1-Percentile)

       0.079     0.000000            1         1.00
       0.420     0.100000         9883         1.11
       0.582     0.200000        19742         1.25
       0.724     0.300000        29549         1.43
       0.860     0.400000        39399         1.67
       0.997     0.500000        49242         2.00
       1.065     0.550000        54138         2.22
       1.135     0.600000        59080         2.50
       1.205     0.650000        63961         2.86
       1.276     0.700000        68883         3.33
       1.346     0.750000        73805         4.00
       1.383     0.775000        76283         4.44
       1.422     0.800000        78745         5.00
       1.462     0.825000        81223         5.71
       1.505     0.850000        83692         6.67
       1.555     0.875000        86114         8.00
       1.583     0.887500        87351         8.89
       1.613     0.900000        88584        10.00
       1.646     0.912500        89806        11.43
       1.684     0.925000        91024        13.33
       1.730     0.937500        92277        16.00
       1.755     0.943750        92885        17.78
       1.786     0.950000        93496        20.00
       1.818     0.956250        94105        22.86
       1.853     0.962500        94712        26.67
       1.896     0.968750        95330        32.00
       1.921     0.971875        95642        35.56
       1.945     0.975000        95949        40.00
       1.975     0.978125        96258        45.71
       2.013     0.981250        96566        53.33
       2.055     0.984375        96878        64.00
       2.075     0.985938        97018        71.11
       2.103     0.987500        97172        80.00
       2.139     0.989062        97327        91.43
       2.181     0.990625        97486       106.67
       2.235     0.992188        97633       128.00
       2.263     0.992969        97710       142.22
       2.299     0.993750        97787       160.00
       2.339     0.994531        97867       182.86
       2.399     0.995313        97944       213.33
       2.507     0.996094        98017       256.00
       2.575     0.996484        98058       284.44
       2.689     0.996875        98096       320.00
       2.819     0.997266        98132       365.71
       3.085     0.997656        98171       426.67
       3.411     0.998047        98209       512.00
       3.677     0.998242        98229       568.89
       3.901     0.998437        98248       640.00
       4.167     0.998633        98267       731.43
       4.663     0.998828        98286       853.33
       5.207     0.999023        98305      1024.00
       5.339     0.999121        98315      1137.78
       5.747     0.999219        98326      1280.00
       6.027     0.999316        98334      1462.86
       6.199     0.999414        98344      1706.67
       6.455     0.999512        98353      2048.00
       6.591     0.999561        98358      2275.56
       6.659     0.999609        98364      2560.00
       6.791     0.999658        98368      2925.71
       7.011     0.999707        98373      3413.33
       7.167     0.999756        98377      4096.00
       7.231     0.999780        98380      4551.11
       7.267     0.999805        98382      5120.00
       7.315     0.999829        98385      5851.43
       7.363     0.999854        98387      6826.67
       7.467     0.999878        98389      8192.00
       7.567     0.999890        98391      9102.22
       7.671     0.999902        98392     10240.00
       7.703     0.999915        98393     11702.86
       7.759     0.999927        98394     13653.33
       7.783     0.999939        98395     16384.00
       7.827     0.999945        98396     18204.44
       7.939     0.999951        98397     20480.00
       7.939     0.999957        98397     23405.71
       7.947     0.999963        98398     27306.67
       7.947     0.999969        98398     32768.00
       7.967     0.999973        98399     36408.89
       7.967     0.999976        98399     40960.00
       7.967     0.999979        98399     46811.43
       8.011     0.999982        98400     54613.33
       8.011     0.999985        98400     65536.00
       8.011     0.999986        98400     72817.78
       8.011     0.999988        98400     81920.00
       8.011     0.999989        98400     93622.86
       8.271     0.999991        98401    109226.67
       8.271     1.000000        98401          inf
#[Mean    =        1.023, StdDeviation   =        0.498]
#[Max     =        8.264, Total count    =        98401]
#[Buckets =           27, SubBuckets     =         2048]
----------------------------------------------------------
  199277 requests in 20.00s, 13.79MB read
Requests/sec:   9963.94
Transfer/sec:    706.20KB
