Running 20s test @ http://localhost:8080
  4 threads and 128 connections
  Thread calibration: mean lat.: 1.011ms, rate sampling interval: 10ms
  Thread calibration: mean lat.: 1.027ms, rate sampling interval: 10ms
  Thread calibration: mean lat.: 1.010ms, rate sampling interval: 10ms
  Thread calibration: mean lat.: 1.008ms, rate sampling interval: 10ms
  Thread Stats   Avg      Stdev     Max   +/- Stdev
    Latency     1.01ms  640.61us  12.55ms   84.09%
    Req/Sec     2.65k   256.86     5.44k    89.84%
  Latency Distribution (HdrHistogram - Recorded Latency)
 50.000%    0.97ms
 75.000%    1.32ms
 90.000%    1.58ms
 99.000%    2.21ms
 99.900%    9.53ms
 99.990%   11.65ms
 99.999%   12.55ms
100.000%   12.56ms

  Detailed Percentile spectrum:
       Value   Percentile   TotalCount 1/(1-Percentile)

       0.063     0.000000            1         1.00
       0.398     0.100000         9844         1.11
       0.555     0.200000        19732         1.25
       0.698     0.300000        29555         1.43
       0.833     0.400000        39405         1.67
       0.969     0.500000        49239         2.00
       1.035     0.550000        54175         2.22
       1.104     0.600000        59058         2.50
       1.175     0.650000        63995         2.86
       1.245     0.700000        68879         3.33
       1.317     0.750000        73838         4.00
       1.352     0.775000        76259         4.44
       1.392     0.800000        78772         5.00
       1.431     0.825000        81239         5.71
       1.474     0.850000        83689         6.67
       1.523     0.875000        86106         8.00
       1.551     0.887500        87364         8.89
       1.580     0.900000        88562        10.00
       1.613     0.912500        89809        11.43
       1.652     0.925000        91020        13.33
       1.699     0.937500        92264        16.00
       1.726     0.943750        92876        17.78
       1.755     0.950000        93485        20.00
       1.790     0.956250        94100        22.86
       1.825     0.962500        94713        26.67
       1.877     0.968750        95331        32.00
       1.902     0.971875        95630        35.56
       1.934     0.975000        95935        40.00
       1.967     0.978125        96248        45.71
       2.009     0.981250        96554        53.33
       2.061     0.984375        96862        64.00
       2.093     0.985938        97012        71.11
       2.133     0.987500        97165        80.00
       2.181     0.989062        97319        91.43
       2.241     0.990625        97474       106.67
       2.347     0.992188        97627       128.00
       2.453     0.992969        97704       142.22
       2.657     0.993750        97780       160.00
       3.117     0.994531        97856       182.86
       3.725     0.995313        97933       213.33
       4.475     0.996094        98010       256.00
       5.235     0.996484        98049       284.44
       5.743     0.996875        98087       320.00
       6.343     0.997266        98125       365.71
       6.795     0.997656        98164       426.67
       7.487     0.998047        98202       512.00
       7.847     0.998242        98223       568.89
       8.223     0.998437        98241       640.00
       8.823     0.998633        98260       731.43
       9.215     0.998828        98279       853.33
       9.607     0.999023        98298      1024.00
       9.791     0.999121        98308      1137.78
       9.975     0.999219        98318      1280.00
      10.143     0.999316        98327      1462.86
      10.399     0.999414        98337      1706.67
      10.567     0.999512        98346      2048.00
      10.743     0.999561        98351      2275.56
      10.823     0.999609        98356      2560.00
      10.975     0.999658        98361      2925.71
      11.159     0.999707        98366      3413.33
      11.311     0.999756        98371      4096.00
      11.319     0.999780        98373      4551.11
      11.367     0.999805        98375      5120.00
      11.439     0.999829        98378      5851.43
      11.463     0.999854        98380      6826.67
      11.615     0.999878        98382      8192.00
      11.647     0.999890        98384      9102.22
      11.815     0.999902        98385     10240.00
      11.911     0.999915        98386     11702.86
      11.975     0.999927        98387     13653.33
      12.031     0.999939        98388     16384.00
      12.095     0.999945        98389     18204.44
      12.183     0.999951        98390     20480.00
      12.183     0.999957        98390     23405.71
      12.447     0.999963        98391     27306.67
      12.447     0.999969        98391     32768.00
      12.455     0.999973        98392     36408.89
      12.455     0.999976        98392     40960.00
      12.455     0.999979        98392     46811.43
      12.551     0.999982        98393     54613.33
      12.551     0.999985        98393     65536.00
      12.551     0.999986        98393     72817.78
      12.551     0.999988        98393     81920.00
      12.551     0.999989        98393     93622.86
      12.559     0.999991        98394    109226.67
      12.559     1.000000        98394          inf
#[Mean    =        1.014, StdDeviation   =        0.641]
#[Max     =       12.552, Total count    =        98394]
#[Buckets =           27, SubBuckets     =         2048]
----------------------------------------------------------
  199275 requests in 20.00s, 12.92MB read
Requests/sec:   9963.93
Transfer/sec:    661.67KB
