Running 1m test @ http://localhost:8080
  4 threads and 128 connections
  Thread calibration: mean lat.: 1.041ms, rate sampling interval: 10ms
  Thread calibration: mean lat.: 1.032ms, rate sampling interval: 10ms
  Thread calibration: mean lat.: 1.036ms, rate sampling interval: 10ms
  Thread calibration: mean lat.: 1.038ms, rate sampling interval: 10ms
  Thread Stats   Avg      Stdev     Max   +/- Stdev
    Latency     0.95ms  527.78us  11.24ms   74.89%
    Req/Sec     2.64k   208.70     5.33k    73.56%
  Latency Distribution (HdrHistogram - Recorded Latency)
 50.000%    0.92ms
 75.000%    1.24ms
 90.000%    1.51ms
 99.000%    2.13ms
 99.900%    5.99ms
 99.990%    8.86ms
 99.999%   10.67ms
100.000%   11.25ms

  Detailed Percentile spectrum:
       Value   Percentile   TotalCount 1/(1-Percentile)

       0.054     0.000000            4         1.00
       0.356     0.100000        49905         1.11
       0.515     0.200000        99759         1.25
       0.655     0.300000       149600         1.43
       0.788     0.400000       199472         1.67
       0.918     0.500000       249526         2.00
       0.982     0.550000       274470         2.22
       1.046     0.600000       299228         2.50
       1.110     0.650000       324037         2.86
       1.175     0.700000       349018         3.33
       1.241     0.750000       373809         4.00
       1.276     0.775000       386526         4.44
       1.312     0.800000       398895         5.00
       1.351     0.825000       411193         5.71
       1.396     0.850000       423654         6.67
       1.449     0.875000       436208         8.00
       1.479     0.887500       442435         8.89
       1.511     0.900000       448749        10.00
       1.545     0.912500       454812        11.43
       1.585     0.925000       461082        13.33
       1.631     0.937500       467288        16.00
       1.658     0.943750       470447        17.78
       1.687     0.950000       473492        20.00
       1.720     0.956250       476631        22.86
       1.757     0.962500       479741        26.67
       1.802     0.968750       482837        32.00
       1.829     0.971875       484420        35.56
       1.858     0.975000       485946        40.00
       1.892     0.978125       487536        45.71
       1.932     0.981250       489089        53.33
       1.981     0.984375       490630        64.00
       2.011     0.985938       491403        71.11
       2.046     0.987500       492173        80.00
       2.091     0.989062       492951        91.43
       2.155     0.990625       493733       106.67
       2.265     0.992188       494513       128.00
       2.357     0.992969       494902       142.22
       2.539     0.993750       495287       160.00
       2.873     0.994531       495674       182.86
       3.215     0.995313       496063       213.33
       3.615     0.996094       496455       256.00
       3.821     0.996484       496647       284.44
       4.079     0.996875       496842       320.00
       4.363     0.997266       497037       365.71
       4.607     0.997656       497232       426.67
       4.911     0.998047       497428       512.00
       5.087     0.998242       497524       568.89
       5.259     0.998437       497622       640.00
       5.467     0.998633       497719       731.43
       5.719     0.998828       497815       853.33
       6.043     0.999023       497916      1024.00
       6.151     0.999121       497961      1137.78
       6.327     0.999219       498011      1280.00
       6.491     0.999316       498059      1462.86
       6.747     0.999414       498107      1706.67
       7.007     0.999512       498156      2048.00
       7.087     0.999561       498181      2275.56
       7.211     0.999609       498205      2560.00
       7.403     0.999658       498229      2925.71
       7.647     0.999707       498253      3413.33
       7.871     0.999756       498278      4096.00
       8.035     0.999780       498290      4551.11
       8.111     0.999805       498302      5120.00
       8.223     0.999829       498314      5851.43
       8.415     0.999854       498327      6826.67
       8.655     0.999878       498339      8192.00
       8.751     0.999890       498345      9102.22
       8.863     0.999902       498351     10240.00
       9.063     0.999915       498358     11702.86
       9.287     0.999927       498363     13653.33
       9.423     0.999939       498369     16384.00
       9.767     0.999945       498372     18204.44
       9.823     0.999951       498375     20480.00
       9.895     0.999957       498378     23405.71
      10.039     0.999963       498381     27306.67
      10.247     0.999969       498384     32768.00
      10.279     0.999973       498386     36408.89
      10.287     0.999976       498387     40960.00
      10.407     0.999979       498389     46811.43
      10.439     0.999982       498390     54613.33
      10.511     0.999985       498392     65536.00
      10.583     0.999986       498393     72817.78
      10.583     0.999988       498393     81920.00
      10.671     0.999989       498394     93622.86
      10.751     0.999991       498395    109226.67
      10.775     0.999992       498396    131072.00
      10.775     0.999993       498396    145635.56
      10.775     0.999994       498396    163840.00
      10.919     0.999995       498397    187245.71
      10.919     0.999995       498397    218453.33
      10.935     0.999996       498398    262144.00
      10.935     0.999997       498398    291271.11
      10.935     0.999997       498398    327680.00
      10.935     0.999997       498398    374491.43
      10.935     0.999998       498398    436906.67
      11.247     0.999998       498399    524288.00
      11.247     1.000000       498399          inf
#[Mean    =        0.948, StdDeviation   =        0.528]
#[Max     =       11.240, Total count    =       498399]
#[Buckets =           27, SubBuckets     =         2048]
----------------------------------------------------------
  599280 requests in 1.00m, 38.29MB read
Requests/sec:   9988.06
Transfer/sec:    653.52KB
