Running 1m test @ http://localhost:8080
  4 threads and 128 connections
  Thread calibration: mean lat.: 0.986ms, rate sampling interval: 10ms
  Thread calibration: mean lat.: 0.979ms, rate sampling interval: 10ms
  Thread calibration: mean lat.: 1.631ms, rate sampling interval: 10ms
  Thread calibration: mean lat.: 0.981ms, rate sampling interval: 10ms
  Thread Stats   Avg      Stdev     Max   +/- Stdev
    Latency     1.15ms  616.36us  15.44ms   71.68%
    Req/Sec     2.64k   647.57     6.40k    86.01%
  Latency Distribution (HdrHistogram - Recorded Latency)
 50.000%    1.10ms
 75.000%    1.47ms
 90.000%    1.90ms
 99.000%    2.86ms
 99.900%    5.15ms
 99.990%    9.18ms
 99.999%   13.38ms
100.000%   15.45ms

  Detailed Percentile spectrum:
       Value   Percentile   TotalCount 1/(1-Percentile)

       0.056     0.000000            1         1.00
       0.429     0.100000        49844         1.11
       0.619     0.200000        99728         1.25
       0.789     0.300000       149652         1.43
       0.950     0.400000       199573         1.67
       1.100     0.500000       249463         2.00
       1.173     0.550000       274389         2.22
       1.245     0.600000       299322         2.50
       1.317     0.650000       324041         2.86
       1.391     0.700000       348974         3.33
       1.472     0.750000       374099         4.00
       1.518     0.775000       386299         4.44
       1.571     0.800000       398736         5.00
       1.632     0.825000       411343         5.71
       1.703     0.850000       423790         6.67
       1.790     0.875000       436195         8.00
       1.840     0.887500       442418         8.89
       1.896     0.900000       448653        10.00
       1.959     0.912500       454801        11.43
       2.033     0.925000       461096        13.33
       2.117     0.937500       467289        16.00
       2.167     0.943750       470491        17.78
       2.219     0.950000       473574        20.00
       2.279     0.956250       476672        22.86
       2.347     0.962500       479775        26.67
       2.423     0.968750       482878        32.00
       2.467     0.971875       484456        35.56
       2.513     0.975000       485981        40.00
       2.565     0.978125       487529        45.71
       2.625     0.981250       489068        53.33
       2.697     0.984375       490635        64.00
       2.735     0.985938       491423        71.11
       2.777     0.987500       492188        80.00
       2.829     0.989062       492971        91.43
       2.889     0.990625       493750       106.67
       2.965     0.992188       494531       128.00
       3.009     0.992969       494906       142.22
       3.063     0.993750       495298       160.00
       3.129     0.994531       495682       182.86
       3.213     0.995313       496071       213.33
       3.325     0.996094       496464       256.00
       3.393     0.996484       496657       284.44
       3.479     0.996875       496849       320.00
       3.597     0.997266       497045       365.71
       3.759     0.997656       497238       426.67
       3.987     0.998047       497433       512.00
       4.159     0.998242       497534       568.89
       4.327     0.998437       497630       640.00
       4.563     0.998633       497725       731.43
       4.831     0.998828       497823       853.33
       5.187     0.999023       497920      1024.00
       5.379     0.999121       497968      1137.78
       5.615     0.999219       498017      1280.00
       5.963     0.999316       498066      1462.86
       6.239     0.999414       498114      1706.67
       6.707     0.999512       498164      2048.00
       6.875     0.999561       498187      2275.56
       7.087     0.999609       498212      2560.00
       7.303     0.999658       498236      2925.71
       7.679     0.999707       498260      3413.33
       8.011     0.999756       498286      4096.00
       8.151     0.999780       498297      4551.11
       8.319     0.999805       498309      5120.00
       8.551     0.999829       498322      5851.43
       8.759     0.999854       498333      6826.67
       8.935     0.999878       498346      8192.00
       9.087     0.999890       498352      9102.22
       9.223     0.999902       498358     10240.00
       9.511     0.999915       498364     11702.86
       9.759     0.999927       498370     13653.33
       9.943     0.999939       498376     16384.00
      10.095     0.999945       498379     18204.44
      10.431     0.999951       498382     20480.00
      11.095     0.999957       498385     23405.71
      11.415     0.999963       498388     27306.67
      11.511     0.999969       498391     32768.00
      11.567     0.999973       498393     36408.89
      11.575     0.999976       498394     40960.00
      11.759     0.999979       498396     46811.43
      12.167     0.999982       498397     54613.33
      13.215     0.999985       498399     65536.00
      13.287     0.999986       498400     72817.78
      13.287     0.999988       498400     81920.00
      13.375     0.999989       498401     93622.86
      14.455     0.999991       498402    109226.67
      14.639     0.999992       498403    131072.00
      14.639     0.999993       498403    145635.56
      14.639     0.999994       498403    163840.00
      14.743     0.999995       498404    187245.71
      14.743     0.999995       498404    218453.33
      15.015     0.999996       498405    262144.00
      15.015     0.999997       498405    291271.11
      15.015     0.999997       498405    327680.00
      15.015     0.999997       498405    374491.43
      15.015     0.999998       498405    436906.67
      15.447     0.999998       498406    524288.00
      15.447     1.000000       498406          inf
#[Mean    =        1.149, StdDeviation   =        0.616]
#[Max     =       15.440, Total count    =       498406]
#[Buckets =           27, SubBuckets     =         2048]
----------------------------------------------------------
  596984 requests in 1.00m, 35.30MB read
Requests/sec:   9948.12
Transfer/sec:    602.33KB
