Running 1m test @ http://localhost:8080
  4 threads and 4 connections
  Thread calibration: mean lat.: 2.379ms, rate sampling interval: 10ms
  Thread calibration: mean lat.: 2.555ms, rate sampling interval: 10ms
  Thread calibration: mean lat.: 2.276ms, rate sampling interval: 10ms
  Thread calibration: mean lat.: 1.936ms, rate sampling interval: 10ms
  Thread Stats   Avg      Stdev     Max   +/- Stdev
    Latency     2.33ms    0.86ms  21.44ms   80.78%
    Req/Sec   131.79     46.97   333.00     73.56%
  Latency Distribution (HdrHistogram - Recorded Latency)
 50.000%    2.21ms
 75.000%    2.68ms
 90.000%    3.20ms
 99.000%    5.08ms
 99.900%    9.50ms
 99.990%   18.16ms
 99.999%   21.45ms
100.000%   21.45ms

  Detailed Percentile spectrum:
       Value   Percentile   TotalCount 1/(1-Percentile)

       0.637     0.000000            1         1.00
       1.495     0.100000         2502         1.11
       1.725     0.200000         5010         1.25
       1.905     0.300000         7499         1.43
       2.059     0.400000        10007         1.67
       2.209     0.500000        12520         2.00
       2.289     0.550000        13778         2.22
       2.371     0.600000        15000         2.50
       2.465     0.650000        16261         2.86
       2.567     0.700000        17499         3.33
       2.685     0.750000        18763         4.00
       2.749     0.775000        19396         4.44
       2.821     0.800000        20009         5.00
       2.903     0.825000        20630         5.71
       2.993     0.850000        21253         6.67
       3.091     0.875000        21874         8.00
       3.145     0.887500        22189         8.89
       3.205     0.900000        22509        10.00
       3.269     0.912500        22815        11.43
       3.349     0.925000        23130        13.33
       3.447     0.937500        23434        16.00
       3.511     0.943750        23592        17.78
       3.581     0.950000        23748        20.00
       3.673     0.956250        23905        22.86
       3.771     0.962500        24062        26.67
       3.927     0.968750        24217        32.00
       3.999     0.971875        24294        35.56
       4.093     0.975000        24373        40.00
       4.191     0.978125        24450        45.71
       4.339     0.981250        24530        53.33
       4.519     0.984375        24607        64.00
       4.635     0.985938        24646        71.11
       4.751     0.987500        24686        80.00
       4.915     0.989062        24723        91.43
       5.183     0.990625        24763       106.67
       5.475     0.992188        24802       128.00
       5.695     0.992969        24821       142.22
       5.875     0.993750        24840       160.00
       6.243     0.994531        24860       182.86
       6.579     0.995313        24879       213.33
       6.967     0.996094        24899       256.00
       7.283     0.996484        24909       284.44
       7.455     0.996875        24918       320.00
       7.667     0.997266        24928       365.71
       7.967     0.997656        24939       426.67
       8.279     0.998047        24948       512.00
       8.351     0.998242        24953       568.89
       8.623     0.998437        24957       640.00
       8.783     0.998633        24962       731.43
       9.255     0.998828        24967       853.33
       9.599     0.999023        24972      1024.00
       9.863     0.999121        24975      1137.78
       9.983     0.999219        24977      1280.00
      10.167     0.999316        24979      1462.86
      11.167     0.999414        24982      1706.67
      12.639     0.999512        24984      2048.00
      13.127     0.999561        24986      2275.56
      13.535     0.999609        24987      2560.00
      14.207     0.999658        24988      2925.71
      15.207     0.999707        24989      3413.33
      15.919     0.999756        24990      4096.00
      16.399     0.999780        24991      4551.11
      17.311     0.999805        24992      5120.00
      17.311     0.999829        24992      5851.43
      17.567     0.999854        24993      6826.67
      17.567     0.999878        24993      8192.00
      18.159     0.999890        24994      9102.22
      18.159     0.999902        24994     10240.00
      18.159     0.999915        24994     11702.86
      19.279     0.999927        24995     13653.33
      19.279     0.999939        24995     16384.00
      19.279     0.999945        24995     18204.44
      19.279     0.999951        24995     20480.00
      19.279     0.999957        24995     23405.71
      21.455     0.999963        24996     27306.67
      21.455     1.000000        24996          inf
#[Mean    =        2.330, StdDeviation   =        0.862]
#[Max     =       21.440, Total count    =        24996]
#[Buckets =           27, SubBuckets     =         2048]
----------------------------------------------------------
  30004 requests in 1.00m, 2.03MB read
Requests/sec:    500.03
Transfer/sec:     34.60KB
