Running 1m test @ http://localhost:8080
  4 threads and 4 connections
  Thread calibration: mean lat.: 1.086ms, rate sampling interval: 10ms
  Thread calibration: mean lat.: 1.085ms, rate sampling interval: 10ms
  Thread calibration: mean lat.: 1.018ms, rate sampling interval: 10ms
  Thread calibration: mean lat.: 0.975ms, rate sampling interval: 10ms
  Thread Stats   Avg      Stdev     Max   +/- Stdev
    Latency     1.12ms  842.36us  69.44ms   99.49%
    Req/Sec   262.84     52.30     1.90k    62.61%
  Latency Distribution (HdrHistogram - Recorded Latency)
 50.000%    1.11ms
 75.000%    1.34ms
 90.000%    1.52ms
 99.000%    1.85ms
 99.900%    3.32ms
 99.990%   50.21ms
 99.999%   69.50ms
100.000%   69.50ms

  Detailed Percentile spectrum:
       Value   Percentile   TotalCount 1/(1-Percentile)

       0.170     0.000000            1         1.00
       0.689     0.100000         5011         1.11
       0.815     0.200000        10027         1.25
       0.917     0.300000        15019         1.43
       1.015     0.400000        20016         1.67
       1.107     0.500000        25013         2.00
       1.151     0.550000        27499         2.22
       1.197     0.600000        30010         2.50
       1.244     0.650000        32509         2.86
       1.292     0.700000        35030         3.33
       1.340     0.750000        37528         4.00
       1.363     0.775000        38758         4.44
       1.389     0.800000        40035         5.00
       1.416     0.825000        41281         5.71
       1.445     0.850000        42506         6.67
       1.479     0.875000        43759         8.00
       1.497     0.887500        44375         8.89
       1.517     0.900000        45018        10.00
       1.537     0.912500        45626        11.43
       1.560     0.925000        46252        13.33
       1.589     0.937500        46883        16.00
       1.604     0.943750        47188        17.78
       1.620     0.950000        47497        20.00
       1.639     0.956250        47817        22.86
       1.660     0.962500        48122        26.67
       1.689     0.968750        48434        32.00
       1.703     0.971875        48590        35.56
       1.721     0.975000        48747        40.00
       1.738     0.978125        48905        45.71
       1.763     0.981250        49064        53.33
       1.789     0.984375        49220        64.00
       1.801     0.985938        49296        71.11
       1.818     0.987500        49374        80.00
       1.836     0.989062        49450        91.43
       1.854     0.990625        49531       106.67
       1.881     0.992188        49607       128.00
       1.894     0.992969        49650       142.22
       1.912     0.993750        49686       160.00
       1.931     0.994531        49724       182.86
       1.955     0.995313        49763       213.33
       1.988     0.996094        49801       256.00
       2.021     0.996484        49821       284.44
       2.049     0.996875        49841       320.00
       2.081     0.997266        49860       365.71
       2.137     0.997656        49879       426.67
       2.237     0.998047        49899       512.00
       2.531     0.998242        49909       568.89
       2.659     0.998437        49918       640.00
       2.861     0.998633        49928       731.43
       3.189     0.998828        49938       853.33
       3.339     0.999023        49949      1024.00
       3.439     0.999121        49953      1137.78
       3.467     0.999219        49957      1280.00
       3.513     0.999316        49962      1462.86
       3.651     0.999414        49967      1706.67
       4.143     0.999512        49972      2048.00
       5.491     0.999561        49975      2275.56
       6.123     0.999609        49977      2560.00
       7.355     0.999658        49979      2925.71
      15.343     0.999707        49982      3413.33
      23.087     0.999756        49984      4096.00
      30.879     0.999780        49986      4551.11
      34.751     0.999805        49987      5120.00
      38.591     0.999829        49988      5851.43
      42.463     0.999854        49989      6826.67
      46.335     0.999878        49990      8192.00
      50.207     0.999890        49991      9102.22
      54.079     0.999902        49992     10240.00
      54.079     0.999915        49992     11702.86
      57.887     0.999927        49993     13653.33
      57.887     0.999939        49993     16384.00
      61.791     0.999945        49994     18204.44
      61.791     0.999951        49994     20480.00
      61.791     0.999957        49994     23405.71
      65.663     0.999963        49995     27306.67
      65.663     0.999969        49995     32768.00
      65.663     0.999973        49995     36408.89
      65.663     0.999976        49995     40960.00
      65.663     0.999979        49995     46811.43
      69.503     0.999982        49996     54613.33
      69.503     1.000000        49996          inf
#[Mean    =        1.120, StdDeviation   =        0.842]
#[Max     =       69.440, Total count    =        49996]
#[Buckets =           27, SubBuckets     =         2048]
----------------------------------------------------------
  60004 requests in 1.00m, 3.95MB read
  Non-2xx or 3xx responses: 60004
Requests/sec:   1000.04
Transfer/sec:     67.39KB
