Running 1m test @ http://localhost:8080
  4 threads and 4 connections
  Thread calibration: mean lat.: 2.255ms, rate sampling interval: 10ms
  Thread calibration: mean lat.: 2.245ms, rate sampling interval: 10ms
  Thread calibration: mean lat.: 2.192ms, rate sampling interval: 10ms
  Thread calibration: mean lat.: 2.520ms, rate sampling interval: 10ms
  Thread Stats   Avg      Stdev     Max   +/- Stdev
    Latency     2.32ms  599.85us   9.51ms   77.28%
    Req/Sec   263.32     54.48   555.00     53.85%
  Latency Distribution (HdrHistogram - Recorded Latency)
 50.000%    2.24ms
 75.000%    2.57ms
 90.000%    3.01ms
 99.000%    4.35ms
 99.900%    6.65ms
 99.990%    8.81ms
 99.999%    9.52ms
100.000%    9.52ms

  Detailed Percentile spectrum:
       Value   Percentile   TotalCount 1/(1-Percentile)

       1.114     0.000000            1         1.00
       1.697     0.100000         5001         1.11
       1.881     0.200000        10034         1.25
       2.016     0.300000        15034         1.43
       2.131     0.400000        20071         1.67
       2.237     0.500000        25052         2.00
       2.293     0.550000        27563         2.22
       2.351     0.600000        30005         2.50
       2.413     0.650000        32538         2.86
       2.485     0.700000        35043         3.33
       2.569     0.750000        37530         4.00
       2.619     0.775000        38785         4.44
       2.671     0.800000        40014         5.00
       2.731     0.825000        41270         5.71
       2.801     0.850000        42503         6.67
       2.893     0.875000        43758         8.00
       2.947     0.887500        44371         8.89
       3.007     0.900000        45003        10.00
       3.081     0.912500        45621        11.43
       3.159     0.925000        46255        13.33
       3.243     0.937500        46876        16.00
       3.295     0.943750        47186        17.78
       3.351     0.950000        47507        20.00
       3.409     0.956250        47810        22.86
       3.479     0.962500        48126        26.67
       3.573     0.968750        48433        32.00
       3.627     0.971875        48595        35.56
       3.681     0.975000        48752        40.00
       3.751     0.978125        48908        45.71
       3.847     0.981250        49059        53.33
       3.985     0.984375        49214        64.00
       4.067     0.985938        49292        71.11
       4.143     0.987500        49373        80.00
       4.259     0.989062        49449        91.43
       4.415     0.990625        49527       106.67
       4.579     0.992188        49605       128.00
       4.679     0.992969        49645       142.22
       4.807     0.993750        49683       160.00
       4.963     0.994531        49722       182.86
       5.091     0.995313        49761       213.33
       5.279     0.996094        49801       256.00
       5.359     0.996484        49820       284.44
       5.443     0.996875        49839       320.00
       5.639     0.997266        49861       365.71
       5.883     0.997656        49879       426.67
       6.095     0.998047        49899       512.00
       6.211     0.998242        49908       568.89
       6.319     0.998437        49917       640.00
       6.443     0.998633        49927       731.43
       6.555     0.998828        49937       853.33
       6.663     0.999023        49947      1024.00
       6.771     0.999121        49952      1137.78
       6.847     0.999219        49956      1280.00
       6.967     0.999316        49962      1462.86
       7.095     0.999414        49966      1706.67
       7.343     0.999512        49971      2048.00
       7.563     0.999561        49974      2275.56
       7.587     0.999609        49976      2560.00
       7.767     0.999658        49978      2925.71
       8.091     0.999707        49981      3413.33
       8.263     0.999756        49983      4096.00
       8.287     0.999780        49985      4551.11
       8.327     0.999805        49986      5120.00
       8.399     0.999829        49987      5851.43
       8.527     0.999854        49988      6826.67
       8.543     0.999878        49989      8192.00
       8.807     0.999890        49990      9102.22
       9.031     0.999902        49991     10240.00
       9.031     0.999915        49991     11702.86
       9.111     0.999927        49992     13653.33
       9.111     0.999939        49992     16384.00
       9.319     0.999945        49993     18204.44
       9.319     0.999951        49993     20480.00
       9.319     0.999957        49993     23405.71
       9.455     0.999963        49994     27306.67
       9.455     0.999969        49994     32768.00
       9.455     0.999973        49994     36408.89
       9.455     0.999976        49994     40960.00
       9.455     0.999979        49994     46811.43
       9.519     0.999982        49995     54613.33
       9.519     1.000000        49995          inf
#[Mean    =        2.320, StdDeviation   =        0.600]
#[Max     =        9.512, Total count    =        49995]
#[Buckets =           27, SubBuckets     =         2048]
----------------------------------------------------------
  60003 requests in 1.00m, 4.10MB read
Requests/sec:   1000.02
Transfer/sec:     69.92KB
