Running 1m test @ http://localhost:8080
  4 threads and 4 connections
  Thread calibration: mean lat.: 1.079ms, rate sampling interval: 10ms
  Thread calibration: mean lat.: 1.094ms, rate sampling interval: 10ms
  Thread calibration: mean lat.: 1.082ms, rate sampling interval: 10ms
  Thread calibration: mean lat.: 1.010ms, rate sampling interval: 10ms
  Thread Stats   Avg      Stdev     Max   +/- Stdev
    Latency     1.16ms    1.08ms  67.33ms   99.69%
    Req/Sec   262.91     51.23   555.00     62.27%
  Latency Distribution (HdrHistogram - Recorded Latency)
 50.000%    1.13ms
 75.000%    1.38ms
 90.000%    1.60ms
 99.000%    1.99ms
 99.900%    4.00ms
 99.990%   57.47ms
 99.999%   67.39ms
100.000%   67.39ms

  Detailed Percentile spectrum:
       Value   Percentile   TotalCount 1/(1-Percentile)

       0.175     0.000000            1         1.00
       0.684     0.100000         5013         1.11
       0.815     0.200000        10028         1.25
       0.920     0.300000        15006         1.43
       1.026     0.400000        20025         1.67
       1.134     0.500000        25044         2.00
       1.184     0.550000        27526         2.22
       1.235     0.600000        30023         2.50
       1.283     0.650000        32517         2.86
       1.331     0.700000        35035         3.33
       1.381     0.750000        37534         4.00
       1.408     0.775000        38782         4.44
       1.437     0.800000        40034         5.00
       1.469     0.825000        41272         5.71
       1.513     0.850000        42507         6.67
       1.556     0.875000        43756         8.00
       1.577     0.887500        44397         8.89
       1.597     0.900000        45006        10.00
       1.619     0.912500        45641        11.43
       1.642     0.925000        46268        13.33
       1.674     0.937500        46885        16.00
       1.692     0.943750        47193        17.78
       1.710     0.950000        47501        20.00
       1.731     0.956250        47819        22.86
       1.753     0.962500        48136        26.67
       1.779     0.968750        48440        32.00
       1.797     0.971875        48592        35.56
       1.827     0.975000        48754        40.00
       1.858     0.978125        48905        45.71
       1.893     0.981250        49062        53.33
       1.921     0.984375        49223        64.00
       1.937     0.985938        49294        71.11
       1.957     0.987500        49376        80.00
       1.975     0.989062        49453        91.43
       2.004     0.990625        49528       106.67
       2.039     0.992188        49607       128.00
       2.061     0.992969        49649       142.22
       2.079     0.993750        49684       160.00
       2.101     0.994531        49724       182.86
       2.129     0.995313        49762       213.33
       2.169     0.996094        49801       256.00
       2.211     0.996484        49821       284.44
       2.245     0.996875        49840       320.00
       2.307     0.997266        49860       365.71
       2.369     0.997656        49882       426.67
       2.577     0.998047        49899       512.00
       2.991     0.998242        49909       568.89
       3.303     0.998437        49918       640.00
       3.453     0.998633        49928       731.43
       3.721     0.998828        49938       853.33
       4.053     0.999023        49948      1024.00
       4.599     0.999121        49953      1137.78
       4.791     0.999219        49957      1280.00
       6.199     0.999316        49962      1462.86
       9.823     0.999414        49967      1706.67
      20.607     0.999512        49972      2048.00
      26.207     0.999561        49975      2275.56
      30.239     0.999609        49977      2560.00
      34.367     0.999658        49979      2925.71
      40.031     0.999707        49982      3413.33
      44.511     0.999756        49984      4096.00
      47.903     0.999780        49986      4551.11
      49.503     0.999805        49987      5120.00
      52.287     0.999829        49988      5851.43
      54.047     0.999854        49989      6826.67
      55.743     0.999878        49990      8192.00
      57.471     0.999890        49991      9102.22
      60.351     0.999902        49992     10240.00
      60.351     0.999915        49992     11702.86
      62.079     0.999927        49993     13653.33
      62.079     0.999939        49993     16384.00
      63.807     0.999945        49994     18204.44
      63.807     0.999951        49994     20480.00
      63.807     0.999957        49994     23405.71
      65.535     0.999963        49995     27306.67
      65.535     0.999969        49995     32768.00
      65.535     0.999973        49995     36408.89
      65.535     0.999976        49995     40960.00
      65.535     0.999979        49995     46811.43
      67.391     0.999982        49996     54613.33
      67.391     1.000000        49996          inf
#[Mean    =        1.160, StdDeviation   =        1.084]
#[Max     =       67.328, Total count    =        49996]
#[Buckets =           27, SubBuckets     =         2048]
----------------------------------------------------------
  60004 requests in 1.00m, 3.83MB read
Requests/sec:   1000.04
Transfer/sec:     65.43KB
