Running 1m test @ http://localhost:8080
  4 threads and 4 connections
  Thread calibration: mean lat.: 1.012ms, rate sampling interval: 10ms
  Thread calibration: mean lat.: 0.949ms, rate sampling interval: 10ms
  Thread calibration: mean lat.: 0.998ms, rate sampling interval: 10ms
  Thread calibration: mean lat.: 0.967ms, rate sampling interval: 10ms
  Thread Stats   Avg      Stdev     Max   +/- Stdev
    Latency     1.03ms  334.23us   3.69ms   64.59%
    Req/Sec   263.12     51.52   400.00     59.84%
  Latency Distribution (HdrHistogram - Recorded Latency)
 50.000%    1.03ms
 75.000%    1.28ms
 90.000%    1.46ms
 99.000%    1.76ms
 99.900%    2.24ms
 99.990%    3.10ms
 99.999%    3.69ms
100.000%    3.69ms

  Detailed Percentile spectrum:
       Value   Percentile   TotalCount 1/(1-Percentile)

       0.128     0.000000            1         1.00
       0.591     0.100000         5034         1.11
       0.717     0.200000        10021         1.25
       0.826     0.300000        15019         1.43
       0.925     0.400000        20019         1.67
       1.028     0.500000        25040         2.00
       1.079     0.550000        27508         2.22
       1.131     0.600000        30015         2.50
       1.181     0.650000        32526         2.86
       1.232     0.700000        35037         3.33
       1.284     0.750000        37537         4.00
       1.310     0.775000        38752         4.44
       1.336     0.800000        40003         5.00
       1.362     0.825000        41250         5.71
       1.391     0.850000        42509         6.67
       1.424     0.875000        43750         8.00
       1.442     0.887500        44409         8.89
       1.460     0.900000        45002        10.00
       1.481     0.912500        45643        11.43
       1.503     0.925000        46259        13.33
       1.528     0.937500        46872        16.00
       1.544     0.943750        47193        17.78
       1.561     0.950000        47520        20.00
       1.577     0.956250        47813        22.86
       1.596     0.962500        48124        26.67
       1.619     0.968750        48441        32.00
       1.631     0.971875        48590        35.56
       1.646     0.975000        48754        40.00
       1.662     0.978125        48912        45.71
       1.681     0.981250        49062        53.33
       1.706     0.984375        49216        64.00
       1.719     0.985938        49292        71.11
       1.735     0.987500        49371        80.00
       1.753     0.989062        49451        91.43
       1.773     0.990625        49532       106.67
       1.794     0.992188        49607       128.00
       1.808     0.992969        49645       142.22
       1.828     0.993750        49684       160.00
       1.839     0.994531        49724       182.86
       1.856     0.995313        49761       213.33
       1.887     0.996094        49800       256.00
       1.907     0.996484        49820       284.44
       1.923     0.996875        49842       320.00
       1.944     0.997266        49859       365.71
       1.975     0.997656        49878       426.67
       2.007     0.998047        49898       512.00
       2.031     0.998242        49909       568.89
       2.057     0.998437        49917       640.00
       2.091     0.998633        49927       731.43
       2.173     0.998828        49937       853.33
       2.283     0.999023        49947      1024.00
       2.361     0.999121        49952      1137.78
       2.419     0.999219        49956      1280.00
       2.467     0.999316        49961      1462.86
       2.495     0.999414        49966      1706.67
       2.563     0.999512        49971      2048.00
       2.605     0.999561        49974      2275.56
       2.627     0.999609        49976      2560.00
       2.647     0.999658        49978      2925.71
       2.743     0.999707        49981      3413.33
       2.793     0.999756        49983      4096.00
       2.857     0.999780        49985      4551.11
       2.917     0.999805        49986      5120.00
       2.931     0.999829        49987      5851.43
       3.015     0.999854        49988      6826.67
       3.065     0.999878        49989      8192.00
       3.097     0.999890        49991      9102.22
       3.097     0.999902        49991     10240.00
       3.097     0.999915        49991     11702.86
       3.179     0.999927        49992     13653.33
       3.179     0.999939        49992     16384.00
       3.223     0.999945        49993     18204.44
       3.223     0.999951        49993     20480.00
       3.223     0.999957        49993     23405.71
       3.393     0.999963        49994     27306.67
       3.393     0.999969        49994     32768.00
       3.393     0.999973        49994     36408.89
       3.393     0.999976        49994     40960.00
       3.393     0.999979        49994     46811.43
       3.695     0.999982        49995     54613.33
       3.695     1.000000        49995          inf
#[Mean    =        1.031, StdDeviation   =        0.334]
#[Max     =        3.694, Total count    =        49995]
#[Buckets =           27, SubBuckets     =         2048]
----------------------------------------------------------
  60004 requests in 1.00m, 3.55MB read
Requests/sec:   1000.05
Transfer/sec:     60.55KB
