Running 1m test @ http://localhost:8080
  4 threads and 4 connections
  Thread calibration: mean lat.: 1.544ms, rate sampling interval: 10ms
  Thread calibration: mean lat.: 1.191ms, rate sampling interval: 10ms
  Thread calibration: mean lat.: 1.282ms, rate sampling interval: 10ms
  Thread calibration: mean lat.: 0.697ms, rate sampling interval: 10ms
  Thread Stats   Avg      Stdev     Max   +/- Stdev
    Latency     1.20ms    1.46ms  72.45ms   98.61%
    Req/Sec   262.99     54.98     1.11k    54.71%
  Latency Distribution (HdrHistogram - Recorded Latency)
 50.000%    1.13ms
 75.000%    1.48ms
 90.000%    1.84ms
 99.000%    2.86ms
 99.900%    7.19ms
 99.990%   66.24ms
 99.999%   72.51ms
100.000%   72.51ms

  Detailed Percentile spectrum:
       Value   Percentile   TotalCount 1/(1-Percentile)

       0.074     0.000000            1         1.00
       0.446     0.100000         5005         1.11
       0.712     0.200000        10008         1.25
       0.885     0.300000        15004         1.43
       1.018     0.400000        20007         1.67
       1.133     0.500000        25039         2.00
       1.191     0.550000        27533         2.22
       1.252     0.600000        30024         2.50
       1.323     0.650000        32533         2.86
       1.394     0.700000        35003         3.33
       1.476     0.750000        37514         4.00
       1.523     0.775000        38770         4.44
       1.572     0.800000        40019         5.00
       1.631     0.825000        41254         5.71
       1.697     0.850000        42503         6.67
       1.763     0.875000        43749         8.00
       1.798     0.887500        44375         8.89
       1.836     0.900000        45011        10.00
       1.884     0.912500        45623        11.43
       1.937     0.925000        46249        13.33
       2.002     0.937500        46874        16.00
       2.043     0.943750        47185        17.78
       2.095     0.950000        47501        20.00
       2.151     0.956250        47814        22.86
       2.221     0.962500        48122        26.67
       2.297     0.968750        48436        32.00
       2.341     0.971875        48592        35.56
       2.397     0.975000        48754        40.00
       2.459     0.978125        48904        45.71
       2.531     0.981250        49062        53.33
       2.617     0.984375        49217        64.00
       2.665     0.985938        49294        71.11
       2.725     0.987500        49372        80.00
       2.799     0.989062        49452        91.43
       2.905     0.990625        49528       106.67
       3.067     0.992188        49607       128.00
       3.171     0.992969        49645       142.22
       3.301     0.993750        49684       160.00
       3.493     0.994531        49723       182.86
       3.663     0.995313        49762       213.33
       3.899     0.996094        49801       256.00
       4.035     0.996484        49821       284.44
       4.235     0.996875        49840       320.00
       4.451     0.997266        49861       365.71
       4.611     0.997656        49879       426.67
       5.023     0.998047        49899       512.00
       5.195     0.998242        49909       568.89
       5.467     0.998437        49918       640.00
       5.887     0.998633        49928       731.43
       6.283     0.998828        49938       853.33
       7.887     0.999023        49948      1024.00
      10.447     0.999121        49953      1137.78
      15.767     0.999219        49957      1280.00
      23.535     0.999316        49962      1462.86
      31.519     0.999414        49967      1706.67
      39.327     0.999512        49972      2048.00
      43.871     0.999561        49975      2275.56
      46.335     0.999609        49977      2560.00
      50.271     0.999658        49979      2925.71
      54.079     0.999707        49982      3413.33
      56.895     0.999756        49984      4096.00
      59.583     0.999780        49986      4551.11
      61.087     0.999805        49987      5120.00
      62.047     0.999829        49988      5851.43
      63.647     0.999854        49989      6826.67
      64.863     0.999878        49990      8192.00
      66.239     0.999890        49991      9102.22
      67.455     0.999902        49992     10240.00
      67.455     0.999915        49992     11702.86
      68.735     0.999927        49993     13653.33
      68.735     0.999939        49993     16384.00
      70.015     0.999945        49994     18204.44
      70.015     0.999951        49994     20480.00
      70.015     0.999957        49994     23405.71
      70.975     0.999963        49995     27306.67
      70.975     0.999969        49995     32768.00
      70.975     0.999973        49995     36408.89
      70.975     0.999976        49995     40960.00
      70.975     0.999979        49995     46811.43
      72.511     0.999982        49996     54613.33
      72.511     1.000000        49996          inf
#[Mean    =        1.204, StdDeviation   =        1.464]
#[Max     =       72.448, Total count    =        49996]
#[Buckets =           27, SubBuckets     =         2048]
----------------------------------------------------------
  60004 requests in 1.00m, 3.55MB read
Requests/sec:   1000.05
Transfer/sec:     60.55KB
