Running 1m test @ http://localhost:8080
  4 threads and 4 connections
  Thread calibration: mean lat.: 26.204ms, rate sampling interval: 169ms
  Thread calibration: mean lat.: 50.102ms, rate sampling interval: 219ms
  Thread calibration: mean lat.: 25.727ms, rate sampling interval: 167ms
  Thread calibration: mean lat.: 46.847ms, rate sampling interval: 226ms
  Thread Stats   Avg      Stdev     Max   +/- Stdev
    Latency     1.67s     1.02s    4.44s    69.29%
    Req/Sec     7.11k     0.87k    8.17k    76.99%
  Latency Distribution (HdrHistogram - Recorded Latency)
 50.000%    1.34s 
 75.000%    2.08s 
 90.000%    3.42s 
 99.000%    3.99s 
 99.900%    4.35s 
 99.990%    4.43s 
 99.999%    4.44s 
100.000%    4.44s 

  Detailed Percentile spectrum:
       Value   Percentile   TotalCount 1/(1-Percentile)

     344.575     0.000000            5         1.00
     583.167     0.100000       141393         1.11
     731.647     0.200000       282781         1.25
     984.575     0.300000       424141         1.43
    1249.279     0.400000       567820         1.67
    1335.295     0.500000       708978         2.00
    1631.231     0.550000       777855         2.22
    1760.255     0.600000       848744         2.50
    1909.759     0.650000       919028         2.86
    1978.367     0.700000       989941         3.33
    2079.743     0.750000      1060939         4.00
    2443.263     0.775000      1095574         4.44
    2484.223     0.800000      1132650         5.00
    2611.199     0.825000      1166981         5.71
    2879.487     0.850000      1201531         6.67
    3323.903     0.875000      1237240         8.00
    3352.575     0.887500      1255488         8.89
    3420.159     0.900000      1272196        10.00
    3483.647     0.912500      1291160        11.43
    3672.063     0.925000      1307562        13.33
    3829.759     0.937500      1328499        16.00
    3833.855     0.943750      1336718        17.78
    3837.951     0.950000      1343605        20.00
    3844.095     0.956250      1352795        22.86
    3975.167     0.962500      1361746        26.67
    3979.263     0.968750      1370402        32.00
    3981.311     0.971875      1378445        35.56
    3981.311     0.975000      1378445        40.00
    3983.359     0.978125      1386205        45.71
    3985.407     0.981250      1391541        53.33
    3985.407     0.984375      1391541        64.00
    3987.455     0.985938      1398184        71.11
    3987.455     0.987500      1398184        80.00
    3987.455     0.989062      1398184        91.43
    3989.503     0.990625      1400784       106.67
    4001.791     0.992188      1402554       128.00
    4034.559     0.992969      1403677       142.22
    4059.135     0.993750      1404778       160.00
    4098.047     0.994531      1405831       182.86
    4136.959     0.995313      1406922       213.33
    4173.823     0.996094      1408069       256.00
    4194.303     0.996484      1408611       284.44
    4210.687     0.996875      1409297       320.00
    4222.975     0.997266      1409755       365.71
    4243.455     0.997656      1410301       426.67
    4268.031     0.998047      1410959       512.00
    4272.127     0.998242      1411062       568.89
    4288.511     0.998437      1411400       640.00
    4308.991     0.998633      1411627       731.43
    4333.567     0.998828      1411966       853.33
    4358.143     0.999023      1412232      1024.00
    4362.239     0.999121      1412305      1137.78
    4370.431     0.999219      1412443      1280.00
    4382.719     0.999316      1412684      1462.86
    4386.815     0.999414      1412738      1706.67
    4403.199     0.999512      1412894      2048.00
    4407.295     0.999561      1412964      2275.56
    4411.391     0.999609      1413041      2560.00
    4415.487     0.999658      1413102      2925.71
    4419.583     0.999707      1413178      3413.33
    4423.679     0.999756      1413277      4096.00
    4423.679     0.999780      1413277      4551.11
    4423.679     0.999805      1413277      5120.00
    4427.775     0.999829      1413353      5851.43
    4427.775     0.999854      1413353      6826.67
    4431.871     0.999878      1413416      8192.00
    4431.871     0.999890      1413416      9102.22
    4431.871     0.999902      1413416     10240.00
    4435.967     0.999915      1413429     11702.86
    4440.063     0.999927      1413486     13653.33
    4440.063     0.999939      1413486     16384.00
    4440.063     0.999945      1413486     18204.44
    4440.063     0.999951      1413486     20480.00
    4440.063     0.999957      1413486     23405.71
    4444.159     0.999963      1413545     27306.67
    4444.159     1.000000      1413545          inf
#[Mean    =     1674.376, StdDeviation   =     1021.201]
#[Max     =     4440.064, Total count    =      1413545]
#[Buckets =           27, SubBuckets     =         2048]
----------------------------------------------------------
  1700808 requests in 1.00m, 108.68MB read
Requests/sec:  28347.56
Transfer/sec:      1.81MB
