Running 1m test @ http://localhost:8080
  4 threads and 4 connections
  Thread calibration: mean lat.: 2271.844ms, rate sampling interval: 7663ms
  Thread calibration: mean lat.: 2281.904ms, rate sampling interval: 7675ms
  Thread calibration: mean lat.: 2268.266ms, rate sampling interval: 7647ms
  Thread calibration: mean lat.: 2270.661ms, rate sampling interval: 7655ms
  Thread Stats   Avg      Stdev     Max   +/- Stdev
    Latency    14.05s     5.63s   23.86s    57.94%
    Req/Sec     1.52k    24.51     1.56k    33.33%
  Latency Distribution (HdrHistogram - Recorded Latency)
 50.000%   14.20s 
 75.000%   18.84s 
 90.000%   21.79s 
 99.000%   23.64s 
 99.900%   23.84s 
 99.990%   23.87s 
 99.999%   23.87s 
100.000%   23.87s 

  Detailed Percentile spectrum:
       Value   Percentile   TotalCount 1/(1-Percentile)

    4222.975     0.000000            3         1.00
    6164.479     0.100000        30435         1.11
    8105.983     0.200000        60749         1.25
   10199.039     0.300000        91228         1.43
   12287.999     0.400000       121500         1.67
   14196.735     0.500000       151934         2.00
   15171.583     0.550000       167101         2.22
   16080.895     0.600000       182262         2.50
   16990.207     0.650000       197471         2.86
   17907.711     0.700000       212646         3.33
   18841.599     0.750000       227907         4.00
   19316.735     0.775000       235570         4.44
   19791.871     0.800000       243189         5.00
   20267.007     0.825000       250685         5.71
   20758.527     0.850000       258289         6.67
   21266.431     0.875000       265954         8.00
   21528.575     0.887500       269785         8.89
   21790.719     0.900000       273481        10.00
   22036.479     0.912500       277195        11.43
   22298.623     0.925000       281017        13.33
   22560.767     0.937500       284846        16.00
   22691.839     0.943750       286758        17.78
   22822.911     0.950000       288712        20.00
   22953.983     0.956250       290597        22.86
   23085.055     0.962500       292537        26.67
   23216.127     0.968750       294491        32.00
   23281.663     0.971875       295397        35.56
   23347.199     0.975000       296374        40.00
   23396.351     0.978125       297121        45.71
   23461.887     0.981250       298121        53.33
   23527.423     0.984375       299057        64.00
   23560.191     0.985938       299509        71.11
   23592.959     0.987500       299986        80.00
   23625.727     0.989062       300471        91.43
   23658.495     0.990625       300966       106.67
   23691.263     0.992188       301412       128.00
   23707.647     0.992969       301633       142.22
   23724.031     0.993750       301876       160.00
   23740.415     0.994531       302110       182.86
   23756.799     0.995313       302359       213.33
   23773.183     0.996094       302612       256.00
   23789.567     0.996484       302861       284.44
   23789.567     0.996875       302861       320.00
   23805.951     0.997266       303108       365.71
   23805.951     0.997656       303108       426.67
   23822.335     0.998047       303357       512.00
   23822.335     0.998242       303357       568.89
   23822.335     0.998437       303357       640.00
   23822.335     0.998633       303357       731.43
   23838.719     0.998828       303595       853.33
   23838.719     0.999023       303595      1024.00
   23838.719     0.999121       303595      1137.78
   23838.719     0.999219       303595      1280.00
   23838.719     0.999316       303595      1462.86
   23838.719     0.999414       303595      1706.67
   23838.719     0.999512       303595      2048.00
   23855.103     0.999561       303685      2275.56
   23855.103     0.999609       303685      2560.00
   23855.103     0.999658       303685      2925.71
   23855.103     0.999707       303685      3413.33
   23855.103     0.999756       303685      4096.00
   23855.103     0.999780       303685      4551.11
   23855.103     0.999805       303685      5120.00
   23871.487     0.999829       303741      5851.43
   23871.487     1.000000       303741          inf
#[Mean    =    14053.256, StdDeviation   =     5626.846]
#[Max     =    23855.104, Total count    =       303741]
#[Buckets =           27, SubBuckets     =         2048]
----------------------------------------------------------
  361513 requests in 1.00m, 23.10MB read
Requests/sec:   6025.24
Transfer/sec:    394.23KB
