Running 1m test @ http://localhost:8080
  4 threads and 4 connections
  Thread calibration: mean lat.: 1.100ms, rate sampling interval: 10ms
  Thread calibration: mean lat.: 1.108ms, rate sampling interval: 10ms
  Thread calibration: mean lat.: 1.118ms, rate sampling interval: 10ms
  Thread calibration: mean lat.: 1.099ms, rate sampling interval: 10ms
  Thread Stats   Avg      Stdev     Max   +/- Stdev
    Latency     1.19ms    2.15ms  70.02ms   98.89%
    Req/Sec     3.96k   440.29     9.56k    76.80%
  Latency Distribution (HdrHistogram - Recorded Latency)
 50.000%    1.06ms
 75.000%    1.52ms
 90.000%    1.85ms
 99.000%    3.60ms
 99.900%   44.06ms
 99.990%   67.33ms
 99.999%   69.69ms
100.000%   70.08ms

  Detailed Percentile spectrum:
       Value   Percentile   TotalCount 1/(1-Percentile)

       0.055     0.000000            4         1.00
       0.308     0.100000        75155         1.11
       0.526     0.200000       150134         1.25
       0.740     0.300000       225177         1.43
       0.943     0.400000       300180         1.67
       1.064     0.500000       375591         2.00
       1.118     0.550000       412745         2.22
       1.200     0.600000       450221         2.50
       1.308     0.650000       487694         2.86
       1.414     0.700000       525227         3.33
       1.522     0.750000       562473         4.00
       1.575     0.775000       581292         4.44
       1.631     0.800000       600240         5.00
       1.686     0.825000       619043         5.71
       1.739     0.850000       637786         6.67
       1.792     0.875000       656199         8.00
       1.822     0.887500       665743         8.89
       1.850     0.900000       675099        10.00
       1.878     0.912500       684458        11.43
       1.905     0.925000       693712        13.33
       1.934     0.937500       703358        16.00
       1.947     0.943750       707762        17.78
       1.961     0.950000       712431        20.00
       1.975     0.956250       717175        22.86
       1.990     0.962500       721958        26.67
       2.008     0.968750       726681        32.00
       2.019     0.971875       728914        35.56
       2.034     0.975000       731209        40.00
       2.061     0.978125       733605        45.71
       2.157     0.981250       735875        53.33
       2.491     0.984375       738204        64.00
       2.733     0.985938       739379        71.11
       3.027     0.987500       740551        80.00
       3.371     0.989062       741722        91.43
       3.765     0.990625       742890       106.67
       4.239     0.992188       744065       128.00
       4.507     0.992969       744651       142.22
       4.823     0.993750       745235       160.00
       5.223     0.994531       745817       182.86
       5.707     0.995313       746405       213.33
       6.355     0.996094       746990       256.00
       6.719     0.996484       747281       284.44
       7.143     0.996875       747574       320.00
       8.003     0.997266       747868       365.71
      10.663     0.997656       748160       426.67
      18.943     0.998047       748453       512.00
      23.855     0.998242       748599       568.89
      29.279     0.998437       748746       640.00
      34.367     0.998633       748892       731.43
      39.487     0.998828       749039       853.33
      44.767     0.999023       749187      1024.00
      47.263     0.999121       749258      1137.78
      49.855     0.999219       749332      1280.00
      52.223     0.999316       749406      1462.86
      54.495     0.999414       749478      1706.67
      57.055     0.999512       749551      2048.00
      58.335     0.999561       749588      2275.56
      59.711     0.999609       749626      2560.00
      60.927     0.999658       749661      2925.71
      62.303     0.999707       749698      3413.33
      63.551     0.999756       749734      4096.00
      64.223     0.999780       749753      4551.11
      64.895     0.999805       749771      5120.00
      65.535     0.999829       749789      5851.43
      66.175     0.999854       749810      6826.67
      66.815     0.999878       749827      8192.00
      67.135     0.999890       749836      9102.22
      67.391     0.999902       749844     10240.00
      67.711     0.999915       749854     11702.86
      68.095     0.999927       749863     13653.33
      68.415     0.999939       749873     16384.00
      68.607     0.999945       749878     18204.44
      68.799     0.999951       749883     20480.00
      68.927     0.999957       749887     23405.71
      69.055     0.999963       749890     27306.67
      69.247     0.999969       749895     32768.00
      69.311     0.999973       749898     36408.89
      69.375     0.999976       749899     40960.00
      69.439     0.999979       749902     46811.43
      69.567     0.999982       749907     54613.33
      69.567     0.999985       749907     65536.00
      69.567     0.999986       749907     72817.78
      69.631     0.999988       749908     81920.00
      69.695     0.999989       749911     93622.86
      69.695     0.999991       749911    109226.67
      69.759     0.999992       749912    131072.00
      69.759     0.999993       749912    145635.56
      69.823     0.999994       749915    163840.00
      69.823     0.999995       749915    187245.71
      69.823     0.999995       749915    218453.33
      69.823     0.999996       749915    262144.00
      69.823     0.999997       749915    291271.11
      69.823     0.999997       749915    327680.00
      69.823     0.999997       749915    374491.43
      69.951     0.999998       749916    436906.67
      69.951     0.999998       749916    524288.00
      69.951     0.999998       749916    582542.22
      69.951     0.999998       749916    655360.00
      69.951     0.999999       749916    748982.86
      70.079     0.999999       749917    873813.33
      70.079     1.000000       749917          inf
#[Mean    =        1.193, StdDeviation   =        2.148]
#[Max     =       70.016, Total count    =       749917]
#[Buckets =           27, SubBuckets     =         2048]
----------------------------------------------------------
  899970 requests in 1.00m, 57.50MB read
Requests/sec:  14999.61
Transfer/sec:      0.96MB
