Running 1m test @ http://localhost:8080
  4 threads and 4 connections
  Thread calibration: mean lat.: 4.054ms, rate sampling interval: 11ms
  Thread calibration: mean lat.: 4.185ms, rate sampling interval: 11ms
  Thread calibration: mean lat.: 4.022ms, rate sampling interval: 10ms
  Thread calibration: mean lat.: 3.881ms, rate sampling interval: 10ms
  Thread Stats   Avg      Stdev     Max   +/- Stdev
    Latency     4.11ms    1.14ms   8.74ms   69.33%
    Req/Sec    52.32     49.66   111.00     42.83%
  Latency Distribution (HdrHistogram - Recorded Latency)
 50.000%    4.13ms
 75.000%    4.80ms
 90.000%    5.55ms
 99.000%    6.93ms
 99.900%    8.04ms
 99.990%    8.70ms
 99.999%    8.74ms
100.000%    8.74ms

  Detailed Percentile spectrum:
       Value   Percentile   TotalCount 1/(1-Percentile)

       1.142     0.000000            1         1.00
       2.577     0.100000         1001         1.11
       3.181     0.200000         2004         1.25
       3.577     0.300000         3001         1.43
       3.853     0.400000         4000         1.67
       4.127     0.500000         5000         2.00
       4.255     0.550000         5502         2.22
       4.391     0.600000         6010         2.50
       4.519     0.650000         6505         2.86
       4.655     0.700000         7002         3.33
       4.803     0.750000         7505         4.00
       4.891     0.775000         7752         4.44
       4.983     0.800000         8000         5.00
       5.107     0.825000         8256         5.71
       5.227     0.850000         8498         6.67
       5.379     0.875000         8748         8.00
       5.463     0.887500         8873         8.89
       5.551     0.900000         9000        10.00
       5.635     0.912500         9122        11.43
       5.739     0.925000         9247        13.33
       5.863     0.937500         9374        16.00
       5.931     0.943750         9434        17.78
       5.995     0.950000         9497        20.00
       6.083     0.956250         9560        22.86
       6.175     0.962500         9624        26.67
       6.291     0.968750         9685        32.00
       6.339     0.971875         9716        35.56
       6.415     0.975000         9748        40.00
       6.495     0.978125         9779        45.71
       6.603     0.981250         9809        53.33
       6.703     0.984375         9844        64.00
       6.719     0.985938         9856        71.11
       6.771     0.987500         9873        80.00
       6.859     0.989062         9887        91.43
       6.971     0.990625         9904       106.67
       7.051     0.992188         9918       128.00
       7.091     0.992969         9926       142.22
       7.171     0.993750         9935       160.00
       7.227     0.994531         9943       182.86
       7.315     0.995313         9951       213.33
       7.363     0.996094         9957       256.00
       7.495     0.996484         9961       284.44
       7.511     0.996875         9965       320.00
       7.551     0.997266         9970       365.71
       7.619     0.997656         9973       426.67
       7.695     0.998047         9977       512.00
       7.747     0.998242         9979       568.89
       7.779     0.998437         9982       640.00
       7.787     0.998633         9984       731.43
       8.035     0.998828         9985       853.33
       8.083     0.999023         9987      1024.00
       8.111     0.999121         9988      1137.78
       8.119     0.999219         9989      1280.00
       8.163     0.999316         9990      1462.86
       8.239     0.999414         9991      1706.67
       8.487     0.999512         9992      2048.00
       8.487     0.999561         9992      2275.56
       8.551     0.999609         9993      2560.00
       8.551     0.999658         9993      2925.71
       8.591     0.999707         9994      3413.33
       8.591     0.999756         9994      4096.00
       8.591     0.999780         9994      4551.11
       8.703     0.999805         9995      5120.00
       8.703     0.999829         9995      5851.43
       8.703     0.999854         9995      6826.67
       8.703     0.999878         9995      8192.00
       8.703     0.999890         9995      9102.22
       8.743     0.999902         9996     10240.00
       8.743     1.000000         9996          inf
#[Mean    =        4.108, StdDeviation   =        1.136]
#[Max     =        8.736, Total count    =         9996]
#[Buckets =           27, SubBuckets     =         2048]
----------------------------------------------------------
  12004 requests in 1.00m, 827.98KB read
Requests/sec:    200.05
Transfer/sec:     13.80KB
