Running 1m test @ http://localhost:8080
  4 threads and 4 connections
  Thread calibration: mean lat.: 2427.651ms, rate sampling interval: 8617ms
  Thread calibration: mean lat.: 2482.254ms, rate sampling interval: 8790ms
  Thread calibration: mean lat.: 2469.948ms, rate sampling interval: 8724ms
  Thread calibration: mean lat.: 2425.362ms, rate sampling interval: 8593ms
  Thread Stats   Avg      Stdev     Max   +/- Stdev
    Latency    16.84s     6.98s   28.92s    57.41%
    Req/Sec   648.30      6.69   660.00     70.00%
  Latency Distribution (HdrHistogram - Recorded Latency)
 50.000%   16.92s 
 75.000%   22.90s 
 90.000%   26.46s 
 99.000%   28.54s 
 99.900%   28.85s 
 99.990%   28.92s 
 99.999%   28.93s 
100.000%   28.93s 

  Detailed Percentile spectrum:
       Value   Percentile   TotalCount 1/(1-Percentile)

    4751.359     0.000000            3         1.00
    7098.367     0.100000        13010         1.11
    9519.103     0.200000        26030         1.25
   12034.047     0.300000        39018         1.43
   14458.879     0.400000        52044         1.67
   16924.671     0.500000        65059         2.00
   18169.855     0.550000        71608         2.22
   19349.503     0.600000        78126         2.50
   20529.151     0.650000        84590         2.86
   21757.951     0.700000        91110         3.33
   22904.831     0.750000        97576         4.00
   23543.807     0.775000       100874         4.44
   24117.247     0.800000       104050         5.00
   24739.839     0.825000       107336         5.71
   25313.279     0.850000       110594         6.67
   25903.103     0.875000       113891         8.00
   26181.631     0.887500       115492         8.89
   26460.159     0.900000       117077        10.00
   26755.071     0.912500       118718        11.43
   27033.599     0.925000       120308        13.33
   27328.511     0.937500       121996        16.00
   27475.967     0.943750       122819        17.78
   27623.423     0.950000       123639        20.00
   27754.495     0.956250       124387        22.86
   27901.951     0.962500       125223        26.67
   28049.407     0.968750       126046        32.00
   28114.943     0.971875       126403        35.56
   28196.863     0.975000       126848        40.00
   28278.783     0.978125       127293        45.71
   28344.319     0.981250       127659        53.33
   28409.855     0.984375       128028        64.00
   28459.007     0.985938       128301        71.11
   28491.775     0.987500       128484        80.00
   28524.543     0.989062       128669        91.43
   28557.311     0.990625       128857       106.67
   28606.463     0.992188       129116       128.00
   28622.847     0.992969       129212       142.22
   28639.231     0.993750       129271       160.00
   28671.999     0.994531       129406       182.86
   28688.383     0.995313       129477       213.33
   28721.151     0.996094       129601       256.00
   28721.151     0.996484       129601       284.44
   28753.919     0.996875       129697       320.00
   28770.303     0.997266       129744       365.71
   28786.687     0.997656       129789       426.67
   28803.071     0.998047       129832       512.00
   28803.071     0.998242       129832       568.89
   28819.455     0.998437       129881       640.00
   28819.455     0.998633       129881       731.43
   28835.839     0.998828       129926       853.33
   28852.223     0.999023       129969      1024.00
   28852.223     0.999121       129969      1137.78
   28852.223     0.999219       129969      1280.00
   28852.223     0.999316       129969      1462.86
   28868.607     0.999414       129990      1706.67
   28884.991     0.999512       130008      2048.00
   28884.991     0.999561       130008      2275.56
   28884.991     0.999609       130008      2560.00
   28901.375     0.999658       130031      2925.71
   28901.375     0.999707       130031      3413.33
   28901.375     0.999756       130031      4096.00
   28901.375     0.999780       130031      4551.11
   28917.759     0.999805       130052      5120.00
   28917.759     0.999829       130052      5851.43
   28917.759     0.999854       130052      6826.67
   28917.759     0.999878       130052      8192.00
   28917.759     0.999890       130052      9102.22
   28917.759     0.999902       130052     10240.00
   28917.759     0.999915       130052     11702.86
   28917.759     0.999927       130052     13653.33
   28917.759     0.999939       130052     16384.00
   28917.759     0.999945       130052     18204.44
   28917.759     0.999951       130052     20480.00
   28917.759     0.999957       130052     23405.71
   28934.143     0.999963       130057     27306.67
   28934.143     1.000000       130057          inf
#[Mean    =    16844.097, StdDeviation   =     6983.584]
#[Max     =    28917.760, Total count    =       130057]
#[Buckets =           27, SubBuckets     =         2048]
----------------------------------------------------------
  156105 requests in 1.00m, 10.79MB read
Requests/sec:   2601.76
Transfer/sec:    184.10KB
