Running 1m test @ http://localhost:8080
  4 threads and 4 connections
  Thread calibration: mean lat.: 1.324ms, rate sampling interval: 10ms
  Thread calibration: mean lat.: 1.329ms, rate sampling interval: 10ms
  Thread calibration: mean lat.: 1.355ms, rate sampling interval: 10ms
  Thread calibration: mean lat.: 1.363ms, rate sampling interval: 10ms
  Thread Stats   Avg      Stdev     Max   +/- Stdev
    Latency     1.04ms  517.75us  12.65ms   71.35%
    Req/Sec     1.31k   108.14     2.70k    63.41%
  Latency Distribution (HdrHistogram - Recorded Latency)
 50.000%    1.02ms
 75.000%    1.32ms
 90.000%    1.64ms
 99.000%    2.04ms
 99.900%    6.00ms
 99.990%    9.40ms
 99.999%   11.67ms
100.000%   12.65ms

  Detailed Percentile spectrum:
       Value   Percentile   TotalCount 1/(1-Percentile)

       0.060     0.000000            1         1.00
       0.412     0.100000        25055         1.11
       0.651     0.200000        50046         1.25
       0.793     0.300000        75189         1.43
       0.908     0.400000       100043         1.67
       1.020     0.500000       125082         2.00
       1.074     0.550000       137547         2.22
       1.130     0.600000       150126         2.50
       1.186     0.650000       162582         2.86
       1.244     0.700000       175139         3.33
       1.320     0.750000       187573         4.00
       1.366     0.775000       193767         4.44
       1.418     0.800000       200035         5.00
       1.475     0.825000       206297         5.71
       1.531     0.850000       212574         6.67
       1.587     0.875000       218815         8.00
       1.613     0.887500       221904         8.89
       1.637     0.900000       225025        10.00
       1.660     0.912500       228193        11.43
       1.682     0.925000       231274        13.33
       1.705     0.937500       234427        16.00
       1.718     0.943750       235972        17.78
       1.731     0.950000       237535        20.00
       1.745     0.956250       239056        22.86
       1.761     0.962500       240616        26.67
       1.781     0.968750       242211        32.00
       1.792     0.971875       242947        35.56
       1.806     0.975000       243733        40.00
       1.823     0.978125       244502        45.71
       1.845     0.981250       245290        53.33
       1.875     0.984375       246072        64.00
       1.899     0.985938       246469        71.11
       1.929     0.987500       246853        80.00
       1.988     0.989062       247241        91.43
       2.091     0.990625       247630       106.67
       2.291     0.992188       248018       128.00
       2.423     0.992969       248214       142.22
       2.555     0.993750       248408       160.00
       2.713     0.994531       248602       182.86
       2.949     0.995313       248799       213.33
       3.243     0.996094       248993       256.00
       3.381     0.996484       249092       284.44
       3.619     0.996875       249188       320.00
       3.911     0.997266       249286       365.71
       4.191     0.997656       249385       426.67
       4.619     0.998047       249481       512.00
       4.795     0.998242       249530       568.89
       5.039     0.998437       249579       640.00
       5.331     0.998633       249628       731.43
       5.615     0.998828       249677       853.33
       6.035     0.999023       249726      1024.00
       6.211     0.999121       249750      1137.78
       6.507     0.999219       249774      1280.00
       6.835     0.999316       249800      1462.86
       7.167     0.999414       249825      1706.67
       7.487     0.999512       249847      2048.00
       7.763     0.999561       249860      2275.56
       7.947     0.999609       249872      2560.00
       8.107     0.999658       249884      2925.71
       8.335     0.999707       249896      3413.33
       8.527     0.999756       249909      4096.00
       8.743     0.999780       249915      4551.11
       8.879     0.999805       249921      5120.00
       8.991     0.999829       249927      5851.43
       9.071     0.999854       249933      6826.67
       9.271     0.999878       249939      8192.00
       9.343     0.999890       249942      9102.22
       9.519     0.999902       249945     10240.00
       9.623     0.999915       249948     11702.86
       9.807     0.999927       249951     13653.33
      10.007     0.999939       249954     16384.00
      10.271     0.999945       249956     18204.44
      10.327     0.999951       249957     20480.00
      10.503     0.999957       249959     23405.71
      10.511     0.999963       249960     27306.67
      10.655     0.999969       249962     32768.00
      10.799     0.999973       249963     36408.89
      10.799     0.999976       249963     40960.00
      10.959     0.999979       249964     46811.43
      11.103     0.999982       249965     54613.33
      11.239     0.999985       249966     65536.00
      11.239     0.999986       249966     72817.78
      11.239     0.999988       249966     81920.00
      11.671     0.999989       249967     93622.86
      11.671     0.999991       249967    109226.67
      11.959     0.999992       249968    131072.00
      11.959     0.999993       249968    145635.56
      11.959     0.999994       249968    163840.00
      11.959     0.999995       249968    187245.71
      11.959     0.999995       249968    218453.33
      12.655     0.999996       249969    262144.00
      12.655     1.000000       249969          inf
#[Mean    =        1.040, StdDeviation   =        0.518]
#[Max     =       12.648, Total count    =       249969]
#[Buckets =           27, SubBuckets     =         2048]
----------------------------------------------------------
  299995 requests in 1.00m, 19.74MB read
  Non-2xx or 3xx responses: 299995
Requests/sec:   5000.04
Transfer/sec:    336.92KB
