Running 1m test @ http://localhost:8080
  4 threads and 4 connections
  Thread calibration: mean lat.: 1.054ms, rate sampling interval: 10ms
  Thread calibration: mean lat.: 1.054ms, rate sampling interval: 10ms
  Thread calibration: mean lat.: 1.047ms, rate sampling interval: 10ms
  Thread calibration: mean lat.: 1.051ms, rate sampling interval: 10ms
  Thread Stats   Avg      Stdev     Max   +/- Stdev
    Latency     1.06ms  598.62us  15.41ms   78.63%
    Req/Sec     1.31k   125.83     2.89k    80.18%
  Latency Distribution (HdrHistogram - Recorded Latency)
 50.000%    1.03ms
 75.000%    1.33ms
 90.000%    1.65ms
 99.000%    2.58ms
 99.900%    7.60ms
 99.990%   11.18ms
 99.999%   13.99ms
100.000%   15.41ms

  Detailed Percentile spectrum:
       Value   Percentile   TotalCount 1/(1-Percentile)

       0.061     0.000000            1         1.00
       0.418     0.100000        25039         1.11
       0.656     0.200000        50114         1.25
       0.800     0.300000        75208         1.43
       0.914     0.400000       100197         1.67
       1.026     0.500000       124999         2.00
       1.081     0.550000       137535         2.22
       1.138     0.600000       150041         2.50
       1.194     0.650000       162510         2.86
       1.254     0.700000       175058         3.33
       1.333     0.750000       187572         4.00
       1.380     0.775000       193770         4.44
       1.431     0.800000       199995         5.00
       1.486     0.825000       206311         5.71
       1.541     0.850000       212559         6.67
       1.598     0.875000       218779         8.00
       1.624     0.887500       221913         8.89
       1.650     0.900000       225011        10.00
       1.675     0.912500       228216        11.43
       1.698     0.925000       231329        13.33
       1.722     0.937500       234446        16.00
       1.735     0.943750       235965        17.78
       1.749     0.950000       237479        20.00
       1.765     0.956250       239058        22.86
       1.784     0.962500       240629        26.67
       1.807     0.968750       242180        32.00
       1.821     0.971875       242945        35.56
       1.839     0.975000       243729        40.00
       1.862     0.978125       244520        45.71
       1.897     0.981250       245295        53.33
       1.974     0.984375       246066        64.00
       2.063     0.985938       246454        71.11
       2.207     0.987500       246846        80.00
       2.419     0.989062       247234        91.43
       2.725     0.990625       247626       106.67
       3.103     0.992188       248015       128.00
       3.359     0.992969       248210       142.22
       3.679     0.993750       248405       160.00
       3.967     0.994531       248600       182.86
       4.335     0.995313       248796       213.33
       4.723     0.996094       248992       256.00
       4.959     0.996484       249090       284.44
       5.159     0.996875       249186       320.00
       5.407     0.997266       249284       365.71
       5.699     0.997656       249382       426.67
       6.019     0.998047       249479       512.00
       6.287     0.998242       249528       568.89
       6.527     0.998437       249577       640.00
       6.871     0.998633       249626       731.43
       7.239     0.998828       249675       853.33
       7.659     0.999023       249723      1024.00
       7.919     0.999121       249748      1137.78
       8.131     0.999219       249772      1280.00
       8.375     0.999316       249797      1462.86
       8.663     0.999414       249821      1706.67
       8.999     0.999512       249846      2048.00
       9.143     0.999561       249858      2275.56
       9.359     0.999609       249870      2560.00
       9.615     0.999658       249882      2925.71
       9.735     0.999707       249894      3413.33
      10.087     0.999756       249908      4096.00
      10.239     0.999780       249913      4551.11
      10.351     0.999805       249919      5120.00
      10.479     0.999829       249925      5851.43
      10.791     0.999854       249931      6826.67
      11.023     0.999878       249937      8192.00
      11.119     0.999890       249940      9102.22
      11.303     0.999902       249943     10240.00
      11.439     0.999915       249946     11702.86
      11.639     0.999927       249949     13653.33
      11.815     0.999939       249952     16384.00
      12.015     0.999945       249954     18204.44
      12.087     0.999951       249955     20480.00
      12.271     0.999957       249957     23405.71
      12.319     0.999963       249958     27306.67
      12.559     0.999969       249960     32768.00
      12.975     0.999973       249961     36408.89
      12.975     0.999976       249961     40960.00
      13.015     0.999979       249962     46811.43
      13.279     0.999982       249963     54613.33
      13.687     0.999985       249964     65536.00
      13.687     0.999986       249964     72817.78
      13.687     0.999988       249964     81920.00
      13.991     0.999989       249965     93622.86
      13.991     0.999991       249965    109226.67
      14.703     0.999992       249966    131072.00
      14.703     0.999993       249966    145635.56
      14.703     0.999994       249966    163840.00
      14.703     0.999995       249966    187245.71
      14.703     0.999995       249966    218453.33
      15.415     0.999996       249967    262144.00
      15.415     1.000000       249967          inf
#[Mean    =        1.062, StdDeviation   =        0.599]
#[Max     =       15.408, Total count    =       249967]
#[Buckets =           27, SubBuckets     =         2048]
----------------------------------------------------------
  299992 requests in 1.00m, 19.17MB read
Requests/sec:   4999.93
Transfer/sec:    327.14KB
