Running 1m test @ http://localhost:8080
  4 threads and 4 connections
  Thread calibration: mean lat.: 0.954ms, rate sampling interval: 10ms
  Thread calibration: mean lat.: 0.960ms, rate sampling interval: 10ms
  Thread calibration: mean lat.: 0.950ms, rate sampling interval: 10ms
  Thread calibration: mean lat.: 0.960ms, rate sampling interval: 10ms
  Thread Stats   Avg      Stdev     Max   +/- Stdev
    Latency     0.99ms  600.65us  24.66ms   96.86%
    Req/Sec     1.32k   107.34     3.50k    82.13%
  Latency Distribution (HdrHistogram - Recorded Latency)
 50.000%    0.95ms
 75.000%    1.23ms
 90.000%    1.40ms
 99.000%    2.19ms
 99.900%    8.25ms
 99.990%   18.54ms
 99.999%   23.23ms
100.000%   24.67ms

  Detailed Percentile spectrum:
       Value   Percentile   TotalCount 1/(1-Percentile)

       0.045     0.000000            1         1.00
       0.508     0.100000        25171         1.11
       0.621     0.200000        50002         1.25
       0.733     0.300000        75153         1.43
       0.841     0.400000       100136         1.67
       0.950     0.500000       125023         2.00
       1.008     0.550000       137666         2.22
       1.064     0.600000       150138         2.50
       1.118     0.650000       162708         2.86
       1.175     0.700000       174993         3.33
       1.232     0.750000       187490         4.00
       1.260     0.775000       193740         4.44
       1.289     0.800000       200104         5.00
       1.318     0.825000       206397         5.71
       1.346     0.850000       212642         6.67
       1.374     0.875000       218769         8.00
       1.389     0.887500       221901         8.89
       1.404     0.900000       225181        10.00
       1.417     0.912500       228185        11.43
       1.431     0.925000       231249        13.33
       1.446     0.937500       234557        16.00
       1.453     0.943750       235986        17.78
       1.461     0.950000       237659        20.00
       1.469     0.956250       239154        22.86
       1.479     0.962500       240680        26.67
       1.495     0.968750       242206        32.00
       1.507     0.971875       242988        35.56
       1.522     0.975000       243775        40.00
       1.544     0.978125       244510        45.71
       1.589     0.981250       245298        53.33
       1.704     0.984375       246070        64.00
       1.811     0.985938       246460        71.11
       1.937     0.987500       246849        80.00
       2.087     0.989062       247244        91.43
       2.267     0.990625       247634       106.67
       2.603     0.992188       248021       128.00
       2.875     0.992969       248219       142.22
       3.197     0.993750       248411       160.00
       3.577     0.994531       248606       182.86
       3.981     0.995313       248802       213.33
       4.519     0.996094       249000       256.00
       4.799     0.996484       249096       284.44
       5.155     0.996875       249192       320.00
       5.511     0.997266       249291       365.71
       5.923     0.997656       249388       426.67
       6.371     0.998047       249485       512.00
       6.655     0.998242       249534       568.89
       6.971     0.998437       249583       640.00
       7.367     0.998633       249632       731.43
       7.791     0.998828       249681       853.33
       8.335     0.999023       249729      1024.00
       8.559     0.999121       249754      1137.78
       9.015     0.999219       249778      1280.00
       9.383     0.999316       249803      1462.86
      10.231     0.999414       249827      1706.67
      11.031     0.999512       249851      2048.00
      11.999     0.999561       249864      2275.56
      12.703     0.999609       249876      2560.00
      13.399     0.999658       249888      2925.71
      14.199     0.999707       249900      3413.33
      14.903     0.999756       249912      4096.00
      15.103     0.999780       249919      4551.11
      15.655     0.999805       249925      5120.00
      16.271     0.999829       249931      5851.43
      16.735     0.999854       249937      6826.67
      17.983     0.999878       249943      8192.00
      18.239     0.999890       249946      9102.22
      18.719     0.999902       249949     10240.00
      19.263     0.999915       249952     11702.86
      19.631     0.999927       249955     13653.33
      20.239     0.999939       249958     16384.00
      20.703     0.999945       249960     18204.44
      20.911     0.999951       249961     20480.00
      21.087     0.999957       249963     23405.71
      21.359     0.999963       249964     27306.67
      21.727     0.999969       249966     32768.00
      21.823     0.999973       249967     36408.89
      21.823     0.999976       249967     40960.00
      22.079     0.999979       249968     46811.43
      22.239     0.999982       249969     54613.33
      22.479     0.999985       249970     65536.00
      22.479     0.999986       249970     72817.78
      22.479     0.999988       249970     81920.00
      23.231     0.999989       249971     93622.86
      23.231     0.999991       249971    109226.67
      23.935     0.999992       249972    131072.00
      23.935     0.999993       249972    145635.56
      23.935     0.999994       249972    163840.00
      23.935     0.999995       249972    187245.71
      23.935     0.999995       249972    218453.33
      24.671     0.999996       249973    262144.00
      24.671     1.000000       249973          inf
#[Mean    =        0.987, StdDeviation   =        0.601]
#[Max     =       24.656, Total count    =       249973]
#[Buckets =           27, SubBuckets     =         2048]
----------------------------------------------------------
  299997 requests in 1.00m, 17.74MB read
Requests/sec:   4999.93
Transfer/sec:    302.73KB
