Running 1m test @ http://localhost:8080
  4 threads and 4 connections
  Thread calibration: mean lat.: 0.949ms, rate sampling interval: 10ms
  Thread calibration: mean lat.: 0.980ms, rate sampling interval: 10ms
  Thread calibration: mean lat.: 0.975ms, rate sampling interval: 10ms
  Thread calibration: mean lat.: 0.962ms, rate sampling interval: 10ms
  Thread Stats   Avg      Stdev     Max   +/- Stdev
    Latency     0.96ms  471.11us  12.46ms   66.30%
    Req/Sec     1.32k   108.35     2.89k    63.54%
  Latency Distribution (HdrHistogram - Recorded Latency)
 50.000%    0.95ms
 75.000%    1.24ms
 90.000%    1.56ms
 99.000%    1.78ms
 99.900%    4.15ms
 99.990%    8.49ms
 99.999%   10.98ms
100.000%   12.46ms

  Detailed Percentile spectrum:
       Value   Percentile   TotalCount 1/(1-Percentile)

       0.030     0.000000            1         1.00
       0.297     0.100000        25093         1.11
       0.598     0.200000        50027         1.25
       0.723     0.300000        75081         1.43
       0.837     0.400000       100052         1.67
       0.949     0.500000       125013         2.00
       1.003     0.550000       137620         2.22
       1.056     0.600000       150024         2.50
       1.111     0.650000       162571         2.86
       1.168     0.700000       175164         3.33
       1.238     0.750000       187575         4.00
       1.304     0.775000       193817         4.44
       1.383     0.800000       200005         5.00
       1.442     0.825000       206239         5.71
       1.486     0.850000       212584         6.67
       1.523     0.875000       218784         8.00
       1.540     0.887500       221881         8.89
       1.558     0.900000       225067        10.00
       1.575     0.912500       228206        11.43
       1.592     0.925000       231287        13.33
       1.609     0.937500       234364        16.00
       1.618     0.943750       235935        17.78
       1.628     0.950000       237578        20.00
       1.639     0.956250       239187        22.86
       1.651     0.962500       240635        26.67
       1.665     0.968750       242243        32.00
       1.673     0.971875       243039        35.56
       1.681     0.975000       243729        40.00
       1.693     0.978125       244558        45.71
       1.706     0.981250       245292        53.33
       1.725     0.984375       246097        64.00
       1.737     0.985938       246493        71.11
       1.751     0.987500       246872        80.00
       1.766     0.989062       247247        91.43
       1.789     0.990625       247634       106.67
       1.825     0.992188       248024       128.00
       1.854     0.992969       248224       142.22
       1.894     0.993750       248416       160.00
       1.960     0.994531       248610       182.86
       2.083     0.995313       248810       213.33
       2.269     0.996094       249002       256.00
       2.387     0.996484       249098       284.44
       2.511     0.996875       249195       320.00
       2.669     0.997266       249293       365.71
       2.839     0.997656       249393       426.67
       3.095     0.998047       249488       512.00
       3.245     0.998242       249537       568.89
       3.403     0.998437       249586       640.00
       3.639     0.998633       249635       731.43
       3.907     0.998828       249684       853.33
       4.179     0.999023       249732      1024.00
       4.435     0.999121       249757      1137.78
       4.679     0.999219       249781      1280.00
       4.939     0.999316       249807      1462.86
       5.243     0.999414       249830      1706.67
       5.595     0.999512       249854      2048.00
       5.711     0.999561       249867      2275.56
       5.963     0.999609       249879      2560.00
       6.299     0.999658       249891      2925.71
       6.459     0.999707       249903      3413.33
       6.763     0.999756       249915      4096.00
       7.047     0.999780       249922      4551.11
       7.199     0.999805       249928      5120.00
       7.543     0.999829       249934      5851.43
       7.895     0.999854       249940      6826.67
       8.127     0.999878       249946      8192.00
       8.279     0.999890       249949      9102.22
       8.655     0.999902       249952     10240.00
       8.711     0.999915       249955     11702.86
       9.047     0.999927       249958     13653.33
       9.415     0.999939       249961     16384.00
       9.471     0.999945       249963     18204.44
       9.519     0.999951       249964     20480.00
       9.943     0.999957       249966     23405.71
      10.127     0.999963       249967     27306.67
      10.199     0.999969       249969     32768.00
      10.223     0.999973       249970     36408.89
      10.223     0.999976       249970     40960.00
      10.471     0.999979       249971     46811.43
      10.847     0.999982       249972     54613.33
      10.879     0.999985       249973     65536.00
      10.879     0.999986       249973     72817.78
      10.879     0.999988       249973     81920.00
      10.983     0.999989       249974     93622.86
      10.983     0.999991       249974    109226.67
      11.727     0.999992       249975    131072.00
      11.727     0.999993       249975    145635.56
      11.727     0.999994       249975    163840.00
      11.727     0.999995       249975    187245.71
      11.727     0.999995       249975    218453.33
      12.463     0.999996       249976    262144.00
      12.463     1.000000       249976          inf
#[Mean    =        0.957, StdDeviation   =        0.471]
#[Max     =       12.456, Total count    =       249976]
#[Buckets =           27, SubBuckets     =         2048]
----------------------------------------------------------
  299999 requests in 1.00m, 17.74MB read
Requests/sec:   4999.96
Transfer/sec:    302.73KB
