Running 1m test @ http://localhost:8080
  4 threads and 4 connections
  Thread calibration: mean lat.: 1.077ms, rate sampling interval: 10ms
  Thread calibration: mean lat.: 1.090ms, rate sampling interval: 10ms
  Thread calibration: mean lat.: 1.085ms, rate sampling interval: 10ms
  Thread calibration: mean lat.: 1.076ms, rate sampling interval: 10ms
  Thread Stats   Avg      Stdev     Max   +/- Stdev
    Latency     1.08ms  511.38us  13.89ms   71.29%
    Req/Sec     1.32k   109.12     3.00k    60.47%
  Latency Distribution (HdrHistogram - Recorded Latency)
 50.000%    1.06ms
 75.000%    1.37ms
 90.000%    1.68ms
 99.000%    2.42ms
 99.900%    4.40ms
 99.990%   10.84ms
 99.999%   13.47ms
100.000%   13.90ms

  Detailed Percentile spectrum:
       Value   Percentile   TotalCount 1/(1-Percentile)

       0.063     0.000000            2         1.00
       0.461     0.100000        25003         1.11
       0.678     0.200000        50060         1.25
       0.830     0.300000        75167         1.43
       0.947     0.400000        99990         1.67
       1.058     0.500000       125030         2.00
       1.113     0.550000       137540         2.22
       1.171     0.600000       150012         2.50
       1.230     0.650000       162544         2.86
       1.295     0.700000       175007         3.33
       1.372     0.750000       187537         4.00
       1.417     0.775000       193816         4.44
       1.465     0.800000       200103         5.00
       1.514     0.825000       206239         5.71
       1.570     0.850000       212578         6.67
       1.624     0.875000       218776         8.00
       1.651     0.887500       221887         8.89
       1.678     0.900000       225038        10.00
       1.705     0.912500       228131        11.43
       1.733     0.925000       231251        13.33
       1.764     0.937500       234426        16.00
       1.781     0.943750       236002        17.78
       1.798     0.950000       237485        20.00
       1.820     0.956250       239082        22.86
       1.844     0.962500       240627        26.67
       1.872     0.968750       242166        32.00
       1.889     0.971875       242960        35.56
       1.909     0.975000       243739        40.00
       1.934     0.978125       244516        45.71
       1.970     0.981250       245300        53.33
       2.027     0.984375       246079        64.00
       2.071     0.985938       246458        71.11
       2.161     0.987500       246852        80.00
       2.309     0.989062       247241        91.43
       2.495     0.990625       247635       106.67
       2.689     0.992188       248022       128.00
       2.795     0.992969       248217       142.22
       2.887     0.993750       248415       160.00
       3.013     0.994531       248609       182.86
       3.131     0.995313       248802       213.33
       3.255     0.996094       248998       256.00
       3.337     0.996484       249097       284.44
       3.417     0.996875       249192       320.00
       3.499     0.997266       249292       365.71
       3.621     0.997656       249389       426.67
       3.723     0.998047       249485       512.00
       3.837     0.998242       249535       568.89
       3.905     0.998437       249583       640.00
       4.015     0.998633       249633       731.43
       4.179     0.998828       249682       853.33
       4.423     0.999023       249729      1024.00
       4.555     0.999121       249754      1137.78
       4.771     0.999219       249778      1280.00
       5.051     0.999316       249803      1462.86
       5.447     0.999414       249827      1706.67
       6.015     0.999512       249851      2048.00
       6.287     0.999561       249865      2275.56
       6.727     0.999609       249876      2560.00
       7.135     0.999658       249888      2925.71
       7.727     0.999707       249900      3413.33
       8.255     0.999756       249912      4096.00
       8.583     0.999780       249919      4551.11
       8.959     0.999805       249925      5120.00
       9.247     0.999829       249931      5851.43
      10.031     0.999854       249937      6826.67
      10.599     0.999878       249943      8192.00
      10.735     0.999890       249946      9102.22
      10.895     0.999902       249949     10240.00
      11.295     0.999915       249952     11702.86
      11.399     0.999927       249955     13653.33
      11.831     0.999939       249958     16384.00
      11.983     0.999945       249960     18204.44
      11.999     0.999951       249961     20480.00
      12.375     0.999957       249963     23405.71
      12.551     0.999963       249964     27306.67
      12.679     0.999969       249966     32768.00
      12.791     0.999973       249967     36408.89
      12.791     0.999976       249967     40960.00
      12.967     0.999979       249968     46811.43
      13.167     0.999982       249969     54613.33
      13.247     0.999985       249970     65536.00
      13.247     0.999986       249970     72817.78
      13.247     0.999988       249970     81920.00
      13.471     0.999989       249971     93622.86
      13.471     0.999991       249971    109226.67
      13.791     0.999992       249972    131072.00
      13.791     0.999993       249972    145635.56
      13.791     0.999994       249972    163840.00
      13.791     0.999995       249972    187245.71
      13.791     0.999995       249972    218453.33
      13.895     0.999996       249973    262144.00
      13.895     1.000000       249973          inf
#[Mean    =        1.082, StdDeviation   =        0.511]
#[Max     =       13.888, Total count    =       249973]
#[Buckets =           27, SubBuckets     =         2048]
----------------------------------------------------------
  299996 requests in 1.00m, 24.03MB read
Requests/sec:   4999.91
Transfer/sec:    410.16KB
