Running 1m test @ http://localhost:8080
  4 threads and 4 connections
  Thread calibration: mean lat.: 1.094ms, rate sampling interval: 10ms
  Thread calibration: mean lat.: 1.076ms, rate sampling interval: 10ms
  Thread calibration: mean lat.: 1.093ms, rate sampling interval: 10ms
  Thread calibration: mean lat.: 1.088ms, rate sampling interval: 10ms
  Thread Stats   Avg      Stdev     Max   +/- Stdev
    Latency     1.11ms    1.02ms  71.87ms   98.52%
    Req/Sec     1.32k   134.77     8.80k    90.01%
  Latency Distribution (HdrHistogram - Recorded Latency)
 50.000%    1.06ms
 75.000%    1.37ms
 90.000%    1.68ms
 99.000%    2.64ms
 99.900%    7.29ms
 99.990%   54.91ms
 99.999%   70.59ms
100.000%   71.93ms

  Detailed Percentile spectrum:
       Value   Percentile   TotalCount 1/(1-Percentile)

       0.060     0.000000            1         1.00
       0.457     0.100000        25041         1.11
       0.677     0.200000        50117         1.25
       0.828     0.300000        75093         1.43
       0.947     0.400000       100066         1.67
       1.058     0.500000       125007         2.00
       1.114     0.550000       137607         2.22
       1.169     0.600000       150035         2.50
       1.229     0.650000       162567         2.86
       1.295     0.700000       175082         3.33
       1.371     0.750000       187480         4.00
       1.416     0.775000       193781         4.44
       1.466     0.800000       199980         5.00
       1.518     0.825000       206339         5.71
       1.570     0.850000       212567         6.67
       1.625     0.875000       218761         8.00
       1.652     0.887500       221939         8.89
       1.679     0.900000       225014        10.00
       1.707     0.912500       228136        11.43
       1.736     0.925000       231299        13.33
       1.767     0.937500       234360        16.00
       1.785     0.943750       235953        17.78
       1.804     0.950000       237476        20.00
       1.825     0.956250       239072        22.86
       1.851     0.962500       240646        26.67
       1.882     0.968750       242195        32.00
       1.902     0.971875       242963        35.56
       1.925     0.975000       243748        40.00
       1.955     0.978125       244513        45.71
       2.000     0.981250       245293        53.33
       2.075     0.984375       246070        64.00
       2.157     0.985938       246459        71.11
       2.299     0.987500       246854        80.00
       2.497     0.989062       247241        91.43
       2.753     0.990625       247630       106.67
       3.175     0.992188       248021       128.00
       3.433     0.992969       248216       142.22
       3.743     0.993750       248412       160.00
       4.079     0.994531       248606       182.86
       4.447     0.995313       248802       213.33
       4.875     0.996094       248999       256.00
       5.087     0.996484       249096       284.44
       5.335     0.996875       249193       320.00
       5.603     0.997266       249291       365.71
       5.855     0.997656       249389       426.67
       6.135     0.998047       249485       512.00
       6.327     0.998242       249534       568.89
       6.547     0.998437       249583       640.00
       6.719     0.998633       249632       731.43
       7.031     0.998828       249681       853.33
       7.339     0.999023       249729      1024.00
       7.519     0.999121       249754      1137.78
       7.743     0.999219       249778      1280.00
       8.003     0.999316       249803      1462.86
       8.423     0.999414       249827      1706.67
       8.943     0.999512       249851      2048.00
       9.391     0.999561       249864      2275.56
       9.895     0.999609       249876      2560.00
      13.631     0.999658       249888      2925.71
      21.935     0.999707       249900      3413.33
      30.335     0.999756       249912      4096.00
      35.071     0.999780       249919      4551.11
      39.199     0.999805       249925      5120.00
      43.295     0.999829       249931      5851.43
      47.359     0.999854       249937      6826.67
      51.487     0.999878       249943      8192.00
      53.503     0.999890       249946      9102.22
      55.615     0.999902       249949     10240.00
      57.663     0.999915       249952     11702.86
      59.743     0.999927       249955     13653.33
      61.855     0.999939       249958     16384.00
      63.103     0.999945       249960     18204.44
      63.807     0.999951       249961     20480.00
      65.247     0.999957       249963     23405.71
      65.919     0.999963       249964     27306.67
      67.327     0.999969       249966     32768.00
      67.967     0.999973       249967     36408.89
      67.967     0.999976       249967     40960.00
      68.671     0.999979       249968     46811.43
      69.311     0.999982       249969     54613.33
      69.951     0.999985       249970     65536.00
      69.951     0.999986       249970     72817.78
      69.951     0.999988       249970     81920.00
      70.591     0.999989       249971     93622.86
      70.591     0.999991       249971    109226.67
      71.231     0.999992       249972    131072.00
      71.231     0.999993       249972    145635.56
      71.231     0.999994       249972    163840.00
      71.231     0.999995       249972    187245.71
      71.231     0.999995       249972    218453.33
      71.935     0.999996       249973    262144.00
      71.935     1.000000       249973          inf
#[Mean    =        1.107, StdDeviation   =        1.016]
#[Max     =       71.872, Total count    =       249973]
#[Buckets =           27, SubBuckets     =         2048]
----------------------------------------------------------
  299996 requests in 1.00m, 24.32MB read
  Non-2xx or 3xx responses: 299996
Requests/sec:   4999.94
Transfer/sec:    415.04KB
