Running 1m test @ http://localhost:8080
  4 threads and 4 connections
  Thread calibration: mean lat.: 1.067ms, rate sampling interval: 10ms
  Thread calibration: mean lat.: 1.070ms, rate sampling interval: 10ms
  Thread calibration: mean lat.: 1.062ms, rate sampling interval: 10ms
  Thread calibration: mean lat.: 1.071ms, rate sampling interval: 10ms
  Thread Stats   Avg      Stdev     Max   +/- Stdev
    Latency     1.13ms    1.77ms  70.91ms   99.73%
    Req/Sec     1.32k   135.88     5.78k    92.17%
  Latency Distribution (HdrHistogram - Recorded Latency)
 50.000%    1.07ms
 75.000%    1.37ms
 90.000%    1.67ms
 99.000%    1.97ms
 99.900%   32.29ms
 99.990%   66.69ms
 99.999%   70.33ms
100.000%   70.97ms

  Detailed Percentile spectrum:
       Value   Percentile   TotalCount 1/(1-Percentile)

       0.067     0.000000            1         1.00
       0.468     0.100000        25059         1.11
       0.682     0.200000        50055         1.25
       0.836     0.300000        75127         1.43
       0.953     0.400000       100097         1.67
       1.065     0.500000       125139         2.00
       1.119     0.550000       137594         2.22
       1.173     0.600000       150104         2.50
       1.229     0.650000       162560         2.86
       1.293     0.700000       175120         3.33
       1.366     0.750000       187486         4.00
       1.410     0.775000       193831         4.44
       1.458     0.800000       200073         5.00
       1.507     0.825000       206266         5.71
       1.559     0.850000       212548         6.67
       1.614     0.875000       218773         8.00
       1.642     0.887500       221876         8.89
       1.669     0.900000       225090        10.00
       1.696     0.912500       228154        11.43
       1.724     0.925000       231292        13.33
       1.752     0.937500       234374        16.00
       1.768     0.943750       236001        17.78
       1.784     0.950000       237577        20.00
       1.800     0.956250       239040        22.86
       1.821     0.962500       240652        26.67
       1.843     0.968750       242210        32.00
       1.855     0.971875       242966        35.56
       1.869     0.975000       243749        40.00
       1.884     0.978125       244547        45.71
       1.901     0.981250       245302        53.33
       1.920     0.984375       246077        64.00
       1.931     0.985938       246458        71.11
       1.945     0.987500       246852        80.00
       1.961     0.989062       247239        91.43
       1.982     0.990625       247630       106.67
       2.007     0.992188       248027       128.00
       2.026     0.992969       248223       142.22
       2.049     0.993750       248427       160.00
       2.079     0.994531       248617       182.86
       2.133     0.995313       248805       213.33
       2.263     0.996094       248998       256.00
       2.385     0.996484       249097       284.44
       2.581     0.996875       249192       320.00
       2.869     0.997266       249291       365.71
       3.243     0.997656       249388       426.67
       3.895     0.998047       249485       512.00
       5.251     0.998242       249534       568.89
      11.071     0.998437       249583       640.00
      18.543     0.998633       249632       731.43
      26.095     0.998828       249681       853.33
      33.343     0.999023       249729      1024.00
      37.343     0.999121       249754      1137.78
      40.895     0.999219       249778      1280.00
      44.607     0.999316       249803      1462.86
      48.287     0.999414       249827      1706.67
      51.935     0.999512       249851      2048.00
      53.951     0.999561       249864      2275.56
      55.807     0.999609       249876      2560.00
      57.567     0.999658       249888      2925.71
      59.231     0.999707       249900      3413.33
      61.023     0.999756       249912      4096.00
      62.079     0.999780       249919      4551.11
      63.231     0.999805       249925      5120.00
      63.967     0.999829       249931      5851.43
      65.119     0.999854       249937      6826.67
      65.855     0.999878       249943      8192.00
      66.367     0.999890       249946      9102.22
      66.943     0.999902       249950     10240.00
      67.135     0.999915       249952     11702.86
      67.647     0.999927       249955     13653.33
      68.095     0.999939       249958     16384.00
      68.415     0.999945       249960     18204.44
      68.543     0.999951       249961     20480.00
      68.863     0.999957       249964     23405.71
      68.863     0.999963       249964     27306.67
      69.311     0.999969       249966     32768.00
      69.503     0.999973       249967     36408.89
      69.503     0.999976       249967     40960.00
      69.695     0.999979       249968     46811.43
      69.823     0.999982       249969     54613.33
      69.951     0.999985       249970     65536.00
      69.951     0.999986       249970     72817.78
      69.951     0.999988       249970     81920.00
      70.335     0.999989       249971     93622.86
      70.335     0.999991       249971    109226.67
      70.463     0.999992       249972    131072.00
      70.463     0.999993       249972    145635.56
      70.463     0.999994       249972    163840.00
      70.463     0.999995       249972    187245.71
      70.463     0.999995       249972    218453.33
      70.975     0.999996       249973    262144.00
      70.975     1.000000       249973          inf
#[Mean    =        1.131, StdDeviation   =        1.767]
#[Max     =       70.912, Total count    =       249973]
#[Buckets =           27, SubBuckets     =         2048]
----------------------------------------------------------
  299997 requests in 1.00m, 25.38MB read
Requests/sec:   4999.94
Transfer/sec:    433.20KB
