Running 1m test @ http://localhost:8080
  4 threads and 4 connections
  Thread calibration: mean lat.: 1.117ms, rate sampling interval: 10ms
  Thread calibration: mean lat.: 1.100ms, rate sampling interval: 10ms
  Thread calibration: mean lat.: 1.130ms, rate sampling interval: 10ms
  Thread calibration: mean lat.: 1.110ms, rate sampling interval: 10ms
  Thread Stats   Avg      Stdev     Max   +/- Stdev
    Latency     1.13ms  694.67us  12.93ms   85.99%
    Req/Sec     1.32k   138.47     2.67k    89.69%
  Latency Distribution (HdrHistogram - Recorded Latency)
 50.000%    1.07ms
 75.000%    1.39ms
 90.000%    1.70ms
 99.000%    4.17ms
 99.900%    7.74ms
 99.990%   10.40ms
 99.999%   12.48ms
100.000%   12.94ms

  Detailed Percentile spectrum:
       Value   Percentile   TotalCount 1/(1-Percentile)

       0.061     0.000000            2         1.00
       0.465     0.100000        25047         1.11
       0.682     0.200000        50004         1.25
       0.832     0.300000        75023         1.43
       0.954     0.400000       100161         1.67
       1.066     0.500000       125015         2.00
       1.122     0.550000       137562         2.22
       1.179     0.600000       150120         2.50
       1.240     0.650000       162562         2.86
       1.310     0.700000       175134         3.33
       1.388     0.750000       187529         4.00
       1.434     0.775000       193788         4.44
       1.484     0.800000       200047         5.00
       1.534     0.825000       206283         5.71
       1.587     0.850000       212583         6.67
       1.642     0.875000       218839         8.00
       1.669     0.887500       221914         8.89
       1.697     0.900000       224983        10.00
       1.728     0.912500       228174        11.43
       1.759     0.925000       231277        13.33
       1.794     0.937500       234385        16.00
       1.814     0.943750       235935        17.78
       1.837     0.950000       237506        20.00
       1.863     0.956250       239063        22.86
       1.897     0.962500       240597        26.67
       1.943     0.968750       242161        32.00
       1.978     0.971875       242955        35.56
       2.030     0.975000       243727        40.00
       2.145     0.978125       244503        45.71
       2.425     0.981250       245286        53.33
       2.893     0.984375       246065        64.00
       3.195     0.985938       246454        71.11
       3.543     0.987500       246846        80.00
       3.925     0.989062       247235        91.43
       4.347     0.990625       247626       106.67
       4.795     0.992188       248021       128.00
       5.055     0.992969       248212       142.22
       5.295     0.993750       248410       160.00
       5.591     0.994531       248604       182.86
       5.871     0.995313       248798       213.33
       6.155     0.996094       248994       256.00
       6.327     0.996484       249096       284.44
       6.463     0.996875       249191       320.00
       6.647     0.997266       249286       365.71
       6.839     0.997656       249384       426.67
       7.059     0.998047       249481       512.00
       7.163     0.998242       249530       568.89
       7.279     0.998437       249582       640.00
       7.455     0.998633       249628       731.43
       7.595     0.998828       249679       853.33
       7.767     0.999023       249725      1024.00
       7.895     0.999121       249750      1137.78
       8.011     0.999219       249774      1280.00
       8.139     0.999316       249799      1462.86
       8.287     0.999414       249823      1706.67
       8.503     0.999512       249847      2048.00
       8.655     0.999561       249861      2275.56
       8.863     0.999609       249873      2560.00
       8.975     0.999658       249885      2925.71
       9.143     0.999707       249896      3413.33
       9.423     0.999756       249908      4096.00
       9.519     0.999780       249915      4551.11
       9.735     0.999805       249921      5120.00
       9.847     0.999829       249927      5851.43
      10.039     0.999854       249933      6826.67
      10.263     0.999878       249939      8192.00
      10.351     0.999890       249942      9102.22
      10.399     0.999902       249945     10240.00
      10.551     0.999915       249948     11702.86
      10.815     0.999927       249951     13653.33
      10.951     0.999939       249954     16384.00
      11.079     0.999945       249956     18204.44
      11.095     0.999951       249957     20480.00
      11.407     0.999957       249959     23405.71
      11.415     0.999963       249960     27306.67
      11.495     0.999969       249962     32768.00
      11.759     0.999973       249963     36408.89
      11.759     0.999976       249963     40960.00
      11.951     0.999979       249964     46811.43
      12.023     0.999982       249965     54613.33
      12.119     0.999985       249966     65536.00
      12.119     0.999986       249966     72817.78
      12.119     0.999988       249966     81920.00
      12.479     0.999989       249967     93622.86
      12.479     0.999991       249967    109226.67
      12.623     0.999992       249968    131072.00
      12.623     0.999993       249968    145635.56
      12.623     0.999994       249968    163840.00
      12.623     0.999995       249968    187245.71
      12.623     0.999995       249968    218453.33
      12.935     0.999996       249969    262144.00
      12.935     1.000000       249969          inf
#[Mean    =        1.129, StdDeviation   =        0.695]
#[Max     =       12.928, Total count    =       249969]
#[Buckets =           27, SubBuckets     =         2048]
----------------------------------------------------------
  299995 requests in 1.00m, 23.75MB read
Requests/sec:   4999.90
Transfer/sec:    405.27KB
