Running 1m test @ http://localhost:8080
  4 threads and 4 connections
  Thread calibration: mean lat.: 0.966ms, rate sampling interval: 10ms
  Thread calibration: mean lat.: 0.964ms, rate sampling interval: 10ms
  Thread calibration: mean lat.: 0.965ms, rate sampling interval: 10ms
  Thread calibration: mean lat.: 0.961ms, rate sampling interval: 10ms
  Thread Stats   Avg      Stdev     Max   +/- Stdev
    Latency     0.96ms  471.35us  11.39ms   66.30%
    Req/Sec     1.32k   106.31     2.44k    64.23%
  Latency Distribution (HdrHistogram - Recorded Latency)
 50.000%    0.95ms
 75.000%    1.25ms
 90.000%    1.56ms
 99.000%    1.81ms
 99.900%    3.66ms
 99.990%    9.16ms
 99.999%   10.95ms
100.000%   11.40ms

  Detailed Percentile spectrum:
       Value   Percentile   TotalCount 1/(1-Percentile)

       0.038     0.000000            2         1.00
       0.291     0.100000        25080         1.11
       0.598     0.200000        50078         1.25
       0.723     0.300000        75010         1.43
       0.837     0.400000        99993         1.67
       0.949     0.500000       125068         2.00
       1.004     0.550000       137519         2.22
       1.059     0.600000       150005         2.50
       1.114     0.650000       162684         2.86
       1.170     0.700000       175081         3.33
       1.245     0.750000       187484         4.00
       1.320     0.775000       193772         4.44
       1.394     0.800000       199984         5.00
       1.447     0.825000       206335         5.71
       1.487     0.850000       212636         6.67
       1.522     0.875000       218859         8.00
       1.539     0.887500       221991         8.89
       1.556     0.900000       225178        10.00
       1.572     0.912500       228101        11.43
       1.590     0.925000       231289        13.33
       1.608     0.937500       234407        16.00
       1.618     0.943750       236038        17.78
       1.628     0.950000       237525        20.00
       1.640     0.956250       239128        22.86
       1.653     0.962500       240616        26.67
       1.670     0.968750       242203        32.00
       1.679     0.971875       242947        35.56
       1.691     0.975000       243747        40.00
       1.706     0.978125       244580        45.71
       1.723     0.981250       245303        53.33
       1.744     0.984375       246073        64.00
       1.758     0.985938       246476        71.11
       1.775     0.987500       246852        80.00
       1.799     0.989062       247250        91.43
       1.827     0.990625       247633       106.67
       1.869     0.992188       248024       128.00
       1.898     0.992969       248219       142.22
       1.945     0.993750       248410       160.00
       1.997     0.994531       248605       182.86
       2.085     0.995313       248806       213.33
       2.193     0.996094       249000       256.00
       2.255     0.996484       249097       284.44
       2.337     0.996875       249192       320.00
       2.439     0.997266       249289       365.71
       2.553     0.997656       249388       426.67
       2.739     0.998047       249484       512.00
       2.841     0.998242       249533       568.89
       3.005     0.998437       249583       640.00
       3.199     0.998633       249631       731.43
       3.389     0.998828       249680       853.33
       3.713     0.999023       249728      1024.00
       3.951     0.999121       249753      1137.78
       4.151     0.999219       249777      1280.00
       4.495     0.999316       249802      1462.86
       4.899     0.999414       249826      1706.67
       5.539     0.999512       249851      2048.00
       5.779     0.999561       249863      2275.56
       6.159     0.999609       249875      2560.00
       6.503     0.999658       249887      2925.71
       7.043     0.999707       249899      3413.33
       7.475     0.999756       249911      4096.00
       7.791     0.999780       249918      4551.11
       8.035     0.999805       249924      5120.00
       8.311     0.999829       249930      5851.43
       8.559     0.999854       249936      6826.67
       8.911     0.999878       249942      8192.00
       9.071     0.999890       249945      9102.22
       9.231     0.999902       249948     10240.00
       9.399     0.999915       249951     11702.86
       9.551     0.999927       249954     13653.33
       9.743     0.999939       249957     16384.00
       9.815     0.999945       249959     18204.44
       9.903     0.999951       249960     20480.00
      10.007     0.999957       249962     23405.71
      10.223     0.999963       249963     27306.67
      10.279     0.999969       249965     32768.00
      10.423     0.999973       249966     36408.89
      10.423     0.999976       249966     40960.00
      10.479     0.999979       249967     46811.43
      10.607     0.999982       249968     54613.33
      10.679     0.999985       249969     65536.00
      10.679     0.999986       249969     72817.78
      10.679     0.999988       249969     81920.00
      10.951     0.999989       249970     93622.86
      10.951     0.999991       249970    109226.67
      10.975     0.999992       249971    131072.00
      10.975     0.999993       249971    145635.56
      10.975     0.999994       249971    163840.00
      10.975     0.999995       249971    187245.71
      10.975     0.999995       249971    218453.33
      11.399     0.999996       249972    262144.00
      11.399     1.000000       249972          inf
#[Mean    =        0.958, StdDeviation   =        0.471]
#[Max     =       11.392, Total count    =       249972]
#[Buckets =           27, SubBuckets     =         2048]
----------------------------------------------------------
  299998 requests in 1.00m, 17.74MB read
Requests/sec:   4999.97
Transfer/sec:    302.73KB
