Running 1m test @ http://localhost:8080
  4 threads and 4 connections
  Thread calibration: mean lat.: 1077.049ms, rate sampling interval: 3778ms
  Thread calibration: mean lat.: 1003.797ms, rate sampling interval: 3577ms
  Thread calibration: mean lat.: 1070.594ms, rate sampling interval: 3833ms
  Thread calibration: mean lat.: 1069.372ms, rate sampling interval: 3792ms
  Thread Stats   Avg      Stdev     Max   +/- Stdev
    Latency     7.14s     3.02s   12.75s    58.06%
    Req/Sec     0.99k    18.59     1.03k    65.38%
  Latency Distribution (HdrHistogram - Recorded Latency)
 50.000%    7.07s 
 75.000%    9.72s 
 90.000%   11.34s 
 99.000%   12.55s 
 99.900%   12.71s 
 99.990%   12.75s 
 99.999%   12.76s 
100.000%   12.76s 

  Detailed Percentile spectrum:
       Value   Percentile   TotalCount 1/(1-Percentile)

    1970.175     0.000000           13         1.00
    3049.471     0.100000        19806         1.11
    4032.511     0.200000        39577         1.25
    4956.159     0.300000        59380         1.43
    5971.967     0.400000        79192         1.67
    7069.695     0.500000        98971         2.00
    7675.903     0.550000       108860         2.22
    8175.615     0.600000       118712         2.50
    8699.903     0.650000       128650         2.86
    9191.423     0.700000       138527         3.33
    9715.711     0.750000       148434         4.00
    9994.239     0.775000       153331         4.44
   10264.575     0.800000       158352         5.00
   10543.103     0.825000       163268         5.71
   10805.247     0.850000       168164         6.67
   11067.391     0.875000       173104         8.00
   11206.655     0.887500       175660         8.89
   11337.727     0.900000       178079        10.00
   11468.799     0.912500       180532        11.43
   11616.255     0.925000       183086        13.33
   11755.519     0.937500       185594        16.00
   11821.055     0.943750       186746        17.78
   11886.591     0.950000       187962        20.00
   11976.703     0.956250       189177        22.86
   12075.007     0.962500       190473        26.67
   12173.311     0.968750       191740        32.00
   12222.463     0.971875       192322        35.56
   12279.807     0.975000       192947        40.00
   12337.151     0.978125       193580        45.71
   12394.495     0.981250       194140        53.33
   12460.031     0.984375       194744        64.00
   12492.799     0.985938       195140        71.11
   12509.183     0.987500       195363        80.00
   12541.951     0.989062       195767        91.43
   12558.335     0.990625       195978       106.67
   12582.911     0.992188       196312       128.00
   12599.295     0.992969       196522       142.22
   12607.487     0.993750       196620       160.00
   12623.871     0.994531       196834       182.86
   12632.063     0.995313       196945       213.33
   12640.255     0.996094       197068       256.00
   12648.447     0.996484       197147       284.44
   12656.639     0.996875       197247       320.00
   12664.831     0.997266       197348       365.71
   12673.023     0.997656       197421       426.67
   12681.215     0.998047       197496       512.00
   12681.215     0.998242       197496       568.89
   12697.599     0.998437       197543       640.00
   12705.791     0.998633       197590       731.43
   12713.983     0.998828       197630       853.33
   12722.175     0.999023       197667      1024.00
   12722.175     0.999121       197667      1137.78
   12730.367     0.999219       197702      1280.00
   12730.367     0.999316       197702      1462.86
   12738.559     0.999414       197734      1706.67
   12738.559     0.999512       197734      2048.00
   12746.751     0.999561       197783      2275.56
   12746.751     0.999609       197783      2560.00
   12746.751     0.999658       197783      2925.71
   12746.751     0.999707       197783      3413.33
   12746.751     0.999756       197783      4096.00
   12746.751     0.999780       197783      4551.11
   12754.943     0.999805       197819      5120.00
   12754.943     0.999829       197819      5851.43
   12754.943     0.999854       197819      6826.67
   12754.943     0.999878       197819      8192.00
   12754.943     0.999890       197819      9102.22
   12754.943     0.999902       197819     10240.00
   12754.943     0.999915       197819     11702.86
   12754.943     0.999927       197819     13653.33
   12754.943     0.999939       197819     16384.00
   12754.943     0.999945       197819     18204.44
   12754.943     0.999951       197819     20480.00
   12754.943     0.999957       197819     23405.71
   12754.943     0.999963       197819     27306.67
   12754.943     0.999969       197819     32768.00
   12754.943     0.999973       197819     36408.89
   12763.135     0.999976       197824     40960.00
   12763.135     1.000000       197824          inf
#[Mean    =     7138.357, StdDeviation   =     3015.278]
#[Max     =    12754.944, Total count    =       197824]
#[Buckets =           27, SubBuckets     =         2048]
----------------------------------------------------------
  237491 requests in 1.00m, 15.17MB read
Requests/sec:   3958.32
Transfer/sec:    258.99KB
