Running 1m test @ http://localhost:8080
  4 threads and 4 connections
  Thread calibration: mean lat.: 2651.565ms, rate sampling interval: 9723ms
  Thread calibration: mean lat.: 3762.007ms, rate sampling interval: 13524ms
  Thread calibration: mean lat.: 2654.427ms, rate sampling interval: 9469ms
  Thread calibration: mean lat.: 3766.352ms, rate sampling interval: 13508ms
  Thread Stats   Avg      Stdev     Max   +/- Stdev
    Latency    20.73s     9.47s   44.53s    66.81%
    Req/Sec   504.75    142.66   633.00     62.50%
  Latency Distribution (HdrHistogram - Recorded Latency)
 50.000%   19.94s 
 75.000%   27.21s 
 90.000%   34.11s 
 99.000%   43.52s 
 99.900%   44.43s 
 99.990%   44.53s 
 99.999%   44.56s 
100.000%   44.56s 

  Detailed Percentile spectrum:
       Value   Percentile   TotalCount 1/(1-Percentile)

    5275.647     0.000000            2         1.00
    8757.247     0.100000         9400         1.11
   11673.599     0.200000        18790         1.25
   14360.575     0.300000        28201         1.43
   17137.663     0.400000        37607         1.67
   19939.327     0.500000        47028         2.00
   21413.887     0.550000        51689         2.22
   22822.911     0.600000        56385         2.50
   24248.319     0.650000        61065         2.86
   25706.495     0.700000        65780         3.33
   27213.823     0.750000        70496         4.00
   27983.871     0.775000        72854         4.44
   28704.767     0.800000        75157         5.00
   29409.279     0.825000        77525         5.71
   30130.175     0.850000        79867         6.67
   31178.751     0.875000        82200         8.00
   32555.007     0.887500        83381         8.89
   34111.487     0.900000        84565        10.00
   35487.743     0.912500        85728        11.43
   36896.767     0.925000        86899        13.33
   38141.951     0.937500        88078        16.00
   38797.311     0.943750        88665        17.78
   39419.903     0.950000        89262        20.00
   39976.959     0.956250        89829        22.86
   40566.783     0.962500        90418        26.67
   41156.607     0.968750        91002        32.00
   41484.287     0.971875        91312        35.56
   41811.967     0.975000        91612        40.00
   42139.647     0.978125        91886        45.71
   42532.863     0.981250        92192        53.33
   42926.079     0.984375        92498        64.00
   43089.919     0.985938        92629        71.11
   43286.527     0.987500        92780        80.00
   43417.599     0.989062        92927        91.43
   43548.671     0.990625        93064       106.67
   43679.743     0.992188        93214       128.00
   43778.047     0.992969        93288       142.22
   43843.583     0.993750        93356       160.00
   43941.887     0.994531        93456       182.86
   44007.423     0.995313        93506       213.33
   44105.727     0.996094        93580       256.00
   44171.263     0.996484        93629       284.44
   44204.031     0.996875        93655       320.00
   44269.567     0.997266        93704       365.71
   44302.335     0.997656        93734       426.67
   44335.103     0.998047        93770       512.00
   44367.871     0.998242        93793       568.89
   44367.871     0.998437        93793       640.00
   44400.639     0.998633        93819       731.43
   44433.407     0.998828        93843       853.33
   44466.175     0.999023        93868      1024.00
   44466.175     0.999121        93868      1137.78
   44466.175     0.999219        93868      1280.00
   44498.943     0.999316        93896      1462.86
   44498.943     0.999414        93896      1706.67
   44498.943     0.999512        93896      2048.00
   44498.943     0.999561        93896      2275.56
   44531.711     0.999609        93929      2560.00
   44531.711     0.999658        93929      2925.71
   44531.711     0.999707        93929      3413.33
   44531.711     0.999756        93929      4096.00
   44531.711     0.999780        93929      4551.11
   44531.711     0.999805        93929      5120.00
   44531.711     0.999829        93929      5851.43
   44531.711     0.999854        93929      6826.67
   44531.711     0.999878        93929      8192.00
   44531.711     0.999890        93929      9102.22
   44531.711     0.999902        93929     10240.00
   44531.711     0.999915        93929     11702.86
   44564.479     0.999927        93936     13653.33
   44564.479     1.000000        93936          inf
#[Mean    =    20728.683, StdDeviation   =     9471.805]
#[Max     =    44531.712, Total count    =        93936]
#[Buckets =           27, SubBuckets     =         2048]
----------------------------------------------------------
  112025 requests in 1.00m, 7.72MB read
Requests/sec:   1867.14
Transfer/sec:    131.73KB
