Running 1m test @ http://localhost:8080
  4 threads and 4 connections
  Thread calibration: mean lat.: 0.993ms, rate sampling interval: 10ms
  Thread calibration: mean lat.: 0.988ms, rate sampling interval: 10ms
  Thread calibration: mean lat.: 0.985ms, rate sampling interval: 10ms
  Thread calibration: mean lat.: 0.988ms, rate sampling interval: 10ms
  Thread Stats   Avg      Stdev     Max   +/- Stdev
    Latency     0.99ms  464.00us  10.63ms   66.37%
    Req/Sec     1.33k   100.49     2.67k    57.60%
  Latency Distribution (HdrHistogram - Recorded Latency)
 50.000%    0.98ms
 75.000%    1.27ms
 90.000%    1.60ms
 99.000%    1.84ms
 99.900%    4.01ms
 99.990%    7.49ms
 99.999%    9.58ms
100.000%   10.64ms

  Detailed Percentile spectrum:
       Value   Percentile   TotalCount 1/(1-Percentile)

       0.038     0.000000            1         1.00
       0.355     0.100000        25041         1.11
       0.627     0.200000        50088         1.25
       0.756     0.300000        75007         1.43
       0.868     0.400000       100033         1.67
       0.982     0.500000       125131         2.00
       1.038     0.550000       137655         2.22
       1.093     0.600000       150130         2.50
       1.148     0.650000       162654         2.86
       1.203     0.700000       175057         3.33
       1.271     0.750000       187587         4.00
       1.320     0.775000       193824         4.44
       1.380     0.800000       200000         5.00
       1.451     0.825000       206277         5.71
       1.512     0.850000       212570         6.67
       1.559     0.875000       218797         8.00
       1.579     0.887500       221891         8.89
       1.598     0.900000       225062        10.00
       1.616     0.912500       228155        11.43
       1.635     0.925000       231373        13.33
       1.653     0.937500       234450        16.00
       1.663     0.943750       235991        17.78
       1.673     0.950000       237505        20.00
       1.685     0.956250       239117        22.86
       1.697     0.962500       240660        26.67
       1.712     0.968750       242189        32.00
       1.722     0.971875       243015        35.56
       1.732     0.975000       243795        40.00
       1.743     0.978125       244534        45.71
       1.758     0.981250       245303        53.33
       1.778     0.984375       246077        64.00
       1.791     0.985938       246463        71.11
       1.805     0.987500       246849        80.00
       1.822     0.989062       247239        91.43
       1.849     0.990625       247634       106.67
       1.889     0.992188       248023       128.00
       1.927     0.992969       248217       142.22
       1.977     0.993750       248408       160.00
       2.073     0.994531       248606       182.86
       2.197     0.995313       248799       213.33
       2.363     0.996094       248994       256.00
       2.471     0.996484       249095       284.44
       2.597     0.996875       249190       320.00
       2.737     0.997266       249287       365.71
       2.877     0.997656       249385       426.67
       3.089     0.998047       249483       512.00
       3.211     0.998242       249532       568.89
       3.361     0.998437       249581       640.00
       3.567     0.998633       249629       731.43
       3.773     0.998828       249678       853.33
       4.037     0.999023       249726      1024.00
       4.347     0.999121       249752      1137.78
       4.475     0.999219       249775      1280.00
       4.727     0.999316       249800      1462.86
       5.087     0.999414       249825      1706.67
       5.243     0.999512       249848      2048.00
       5.551     0.999561       249861      2275.56
       5.787     0.999609       249873      2560.00
       5.867     0.999658       249885      2925.71
       6.051     0.999707       249897      3413.33
       6.491     0.999756       249909      4096.00
       6.551     0.999780       249916      4551.11
       6.695     0.999805       249922      5120.00
       7.039     0.999829       249928      5851.43
       7.195     0.999854       249934      6826.67
       7.359     0.999878       249940      8192.00
       7.423     0.999890       249943      9102.22
       7.631     0.999902       249946     10240.00
       7.791     0.999915       249949     11702.86
       7.919     0.999927       249952     13653.33
       8.011     0.999939       249955     16384.00
       8.271     0.999945       249957     18204.44
       8.279     0.999951       249958     20480.00
       8.511     0.999957       249960     23405.71
       8.535     0.999963       249961     27306.67
       8.871     0.999969       249963     32768.00
       8.943     0.999973       249964     36408.89
       8.943     0.999976       249964     40960.00
       8.991     0.999979       249965     46811.43
       9.239     0.999982       249966     54613.33
       9.503     0.999985       249967     65536.00
       9.503     0.999986       249967     72817.78
       9.503     0.999988       249967     81920.00
       9.583     0.999989       249968     93622.86
       9.583     0.999991       249968    109226.67
       9.967     0.999992       249969    131072.00
       9.967     0.999993       249969    145635.56
       9.967     0.999994       249969    163840.00
       9.967     0.999995       249969    187245.71
       9.967     0.999995       249969    218453.33
      10.639     0.999996       249970    262144.00
      10.639     1.000000       249970          inf
#[Mean    =        0.991, StdDeviation   =        0.464]
#[Max     =       10.632, Total count    =       249970]
#[Buckets =           27, SubBuckets     =         2048]
----------------------------------------------------------
  299995 requests in 1.00m, 19.74MB read
  Non-2xx or 3xx responses: 299995
Requests/sec:   4999.99
Transfer/sec:    336.91KB
