Running 1m test @ http://localhost:8080
  4 threads and 4 connections
  Thread calibration: mean lat.: 1.018ms, rate sampling interval: 10ms
  Thread calibration: mean lat.: 1.034ms, rate sampling interval: 10ms
  Thread calibration: mean lat.: 1.018ms, rate sampling interval: 10ms
  Thread calibration: mean lat.: 1.015ms, rate sampling interval: 10ms
  Thread Stats   Avg      Stdev     Max   +/- Stdev
    Latency     1.02ms  540.22us  13.59ms   72.87%
    Req/Sec     1.32k   115.41     3.00k    64.38%
  Latency Distribution (HdrHistogram - Recorded Latency)
 50.000%    1.00ms
 75.000%    1.29ms
 90.000%    1.61ms
 99.000%    1.88ms
 99.900%    7.28ms
 99.990%   10.57ms
 99.999%   12.92ms
100.000%   13.60ms

  Detailed Percentile spectrum:
       Value   Percentile   TotalCount 1/(1-Percentile)

       0.042     0.000000            1         1.00
       0.385     0.100000        25116         1.11
       0.639     0.200000        49997         1.25
       0.773     0.300000        75105         1.43
       0.889     0.400000       100167         1.67
       1.000     0.500000       125006         2.00
       1.057     0.550000       137641         2.22
       1.111     0.600000       150178         2.50
       1.167     0.650000       162583         2.86
       1.223     0.700000       174984         3.33
       1.293     0.750000       187544         4.00
       1.341     0.775000       193809         4.44
       1.394     0.800000       200005         5.00
       1.455     0.825000       206290         5.71
       1.516     0.850000       212507         6.67
       1.569     0.875000       218732         8.00
       1.592     0.887500       221867         8.89
       1.614     0.900000       225066        10.00
       1.634     0.912500       228192        11.43
       1.654     0.925000       231346        13.33
       1.675     0.937500       234469        16.00
       1.686     0.943750       236040        17.78
       1.698     0.950000       237542        20.00
       1.711     0.956250       239087        22.86
       1.725     0.962500       240685        26.67
       1.741     0.968750       242187        32.00
       1.752     0.971875       243020        35.56
       1.763     0.975000       243763        40.00
       1.777     0.978125       244548        45.71
       1.793     0.981250       245300        53.33
       1.814     0.984375       246084        64.00
       1.827     0.985938       246467        71.11
       1.843     0.987500       246850        80.00
       1.866     0.989062       247259        91.43
       1.895     0.990625       247630       106.67
       1.954     0.992188       248020       128.00
       2.025     0.992969       248216       142.22
       2.183     0.993750       248410       160.00
       2.409     0.994531       248606       182.86
       2.683     0.995313       248801       213.33
       3.113     0.996094       248996       256.00
       3.407     0.996484       249094       284.44
       3.807     0.996875       249191       320.00
       4.227     0.997266       249289       365.71
       4.731     0.997656       249388       426.67
       5.323     0.998047       249484       512.00
       5.699     0.998242       249533       568.89
       6.027     0.998437       249582       640.00
       6.443     0.998633       249631       731.43
       6.899     0.998828       249680       853.33
       7.331     0.999023       249728      1024.00
       7.587     0.999121       249754      1137.78
       7.823     0.999219       249778      1280.00
       8.099     0.999316       249802      1462.86
       8.399     0.999414       249826      1706.67
       8.679     0.999512       249850      2048.00
       8.815     0.999561       249863      2275.56
       8.991     0.999609       249875      2560.00
       9.183     0.999658       249887      2925.71
       9.375     0.999707       249899      3413.33
       9.591     0.999756       249911      4096.00
       9.663     0.999780       249918      4551.11
       9.799     0.999805       249924      5120.00
      10.055     0.999829       249931      5851.43
      10.167     0.999854       249936      6826.67
      10.343     0.999878       249942      8192.00
      10.439     0.999890       249945      9102.22
      10.695     0.999902       249948     10240.00
      10.855     0.999915       249951     11702.86
      10.991     0.999927       249954     13653.33
      11.047     0.999939       249957     16384.00
      11.367     0.999945       249959     18204.44
      11.439     0.999951       249960     20480.00
      11.671     0.999957       249962     23405.71
      11.695     0.999963       249963     27306.67
      11.855     0.999969       249965     32768.00
      12.071     0.999973       249966     36408.89
      12.071     0.999976       249966     40960.00
      12.239     0.999979       249967     46811.43
      12.575     0.999982       249968     54613.33
      12.759     0.999985       249969     65536.00
      12.759     0.999986       249969     72817.78
      12.759     0.999988       249969     81920.00
      12.919     0.999989       249970     93622.86
      12.919     0.999991       249970    109226.67
      13.279     0.999992       249971    131072.00
      13.279     0.999993       249971    145635.56
      13.279     0.999994       249971    163840.00
      13.279     0.999995       249971    187245.71
      13.279     0.999995       249971    218453.33
      13.599     0.999996       249972    262144.00
      13.599     1.000000       249972          inf
#[Mean    =        1.020, StdDeviation   =        0.540]
#[Max     =       13.592, Total count    =       249972]
#[Buckets =           27, SubBuckets     =         2048]
----------------------------------------------------------
  299998 requests in 1.00m, 19.17MB read
Requests/sec:   4999.97
Transfer/sec:    327.15KB
