Running 1m test @ http://localhost:8080
  4 threads and 4 connections
  Thread calibration: mean lat.: 0.956ms, rate sampling interval: 10ms
  Thread calibration: mean lat.: 0.949ms, rate sampling interval: 10ms
  Thread calibration: mean lat.: 0.959ms, rate sampling interval: 10ms
  Thread calibration: mean lat.: 0.958ms, rate sampling interval: 10ms
  Thread Stats   Avg      Stdev     Max   +/- Stdev
    Latency     0.99ms    1.30ms  74.75ms   99.63%
    Req/Sec     1.32k   126.45     6.55k    92.71%
  Latency Distribution (HdrHistogram - Recorded Latency)
 50.000%    0.95ms
 75.000%    1.24ms
 90.000%    1.56ms
 99.000%    1.76ms
 99.900%    6.67ms
 99.990%   65.66ms
 99.999%   74.11ms
100.000%   74.82ms

  Detailed Percentile spectrum:
       Value   Percentile   TotalCount 1/(1-Percentile)

       0.040     0.000000            1         1.00
       0.301     0.100000        25120         1.11
       0.599     0.200000        50087         1.25
       0.725     0.300000        75023         1.43
       0.840     0.400000       100201         1.67
       0.951     0.500000       125153         2.00
       1.003     0.550000       137485         2.22
       1.058     0.600000       150199         2.50
       1.114     0.650000       162592         2.86
       1.169     0.700000       174981         3.33
       1.237     0.750000       187558         4.00
       1.299     0.775000       193767         4.44
       1.382     0.800000       200038         5.00
       1.443     0.825000       206253         5.71
       1.491     0.850000       212610         6.67
       1.530     0.875000       218801         8.00
       1.547     0.887500       221889         8.89
       1.564     0.900000       225015        10.00
       1.582     0.912500       228236        11.43
       1.600     0.925000       231384        13.33
       1.617     0.937500       234515        16.00
       1.625     0.943750       235935        17.78
       1.634     0.950000       237473        20.00
       1.644     0.956250       239041        22.86
       1.656     0.962500       240722        26.67
       1.669     0.968750       242245        32.00
       1.676     0.971875       242994        35.56
       1.685     0.975000       243818        40.00
       1.694     0.978125       244523        45.71
       1.705     0.981250       245286        53.33
       1.720     0.984375       246089        64.00
       1.729     0.985938       246485        71.11
       1.741     0.987500       246858        80.00
       1.755     0.989062       247263        91.43
       1.771     0.990625       247643       106.67
       1.797     0.992188       248023       128.00
       1.816     0.992969       248214       142.22
       1.843     0.993750       248411       160.00
       1.887     0.994531       248605       182.86
       1.981     0.995313       248800       213.33
       2.195     0.996094       248995       256.00
       2.357     0.996484       249093       284.44
       2.541     0.996875       249191       320.00
       2.763     0.997266       249288       365.71
       3.083     0.997656       249386       426.67
       3.543     0.998047       249483       512.00
       3.909     0.998242       249532       568.89
       4.275     0.998437       249581       640.00
       4.891     0.998633       249630       731.43
       5.699     0.998828       249679       853.33
       6.743     0.999023       249727      1024.00
       7.471     0.999121       249752      1137.78
       8.623     0.999219       249776      1280.00
      13.415     0.999316       249801      1462.86
      22.367     0.999414       249825      1706.67
      30.511     0.999512       249849      2048.00
      35.007     0.999561       249862      2275.56
      39.327     0.999609       249874      2560.00
      43.487     0.999658       249886      2925.71
      47.647     0.999707       249898      3413.33
      52.127     0.999756       249910      4096.00
      54.623     0.999780       249917      4551.11
      56.927     0.999805       249923      5120.00
      59.135     0.999829       249929      5851.43
      61.407     0.999854       249935      6826.67
      63.647     0.999878       249941      8192.00
      64.927     0.999890       249944      9102.22
      65.983     0.999902       249947     10240.00
      67.199     0.999915       249950     11702.86
      68.159     0.999927       249953     13653.33
      69.439     0.999939       249956     16384.00
      70.207     0.999945       249958     18204.44
      70.399     0.999951       249959     20480.00
      71.103     0.999957       249961     23405.71
      71.679     0.999963       249962     27306.67
      72.447     0.999969       249964     32768.00
      72.639     0.999973       249965     36408.89
      72.639     0.999976       249965     40960.00
      73.151     0.999979       249966     46811.43
      73.407     0.999982       249967     54613.33
      73.919     0.999985       249968     65536.00
      73.919     0.999986       249968     72817.78
      73.919     0.999988       249968     81920.00
      74.111     0.999989       249969     93622.86
      74.111     0.999991       249969    109226.67
      74.623     0.999992       249970    131072.00
      74.623     0.999993       249970    145635.56
      74.623     0.999994       249970    163840.00
      74.623     0.999995       249970    187245.71
      74.623     0.999995       249970    218453.33
      74.815     0.999996       249971    262144.00
      74.815     1.000000       249971          inf
#[Mean    =        0.987, StdDeviation   =        1.301]
#[Max     =       74.752, Total count    =       249971]
#[Buckets =           27, SubBuckets     =         2048]
----------------------------------------------------------
  299997 requests in 1.00m, 17.74MB read
Requests/sec:   4999.93
Transfer/sec:    302.73KB
