Running 1m test @ http://localhost:8080
  4 threads and 4 connections
  Thread calibration: mean lat.: 1.024ms, rate sampling interval: 10ms
  Thread calibration: mean lat.: 1666.695ms, rate sampling interval: 6053ms
  Thread calibration: mean lat.: 1825.649ms, rate sampling interval: 6828ms
  Thread calibration: mean lat.: 2178.115ms, rate sampling interval: 7979ms
  Thread Stats   Avg      Stdev     Max   +/- Stdev
    Latency     8.96s     7.61s   27.49s    48.46%
    Req/Sec     1.29k   239.37     7.55k    86.83%
  Latency Distribution (HdrHistogram - Recorded Latency)
 50.000%    8.54s 
 75.000%   15.61s 
 90.000%   19.66s 
 99.000%   23.87s 
 99.900%   27.13s 
 99.990%   27.48s 
 99.999%   27.51s 
100.000%   27.51s 

  Detailed Percentile spectrum:
       Value   Percentile   TotalCount 1/(1-Percentile)

       0.051     0.000000            1         1.00
       0.818     0.100000        22840         1.11
       1.256     0.200000        45713         1.25
    1395.711     0.300000        68514         1.43
    5738.495     0.400000        91374         1.67
    8544.255     0.500000       114201         2.00
    9977.855     0.550000       125597         2.22
   11411.455     0.600000       137063         2.50
   12828.671     0.650000       148434         2.86
   14180.351     0.700000       159920         3.33
   15605.759     0.750000       171282         4.00
   16310.271     0.775000       177028         4.44
   17006.591     0.800000       182750         5.00
   17678.335     0.825000       188616         5.71
   18382.847     0.850000       194186         6.67
   19054.591     0.875000       199883         8.00
   19382.271     0.887500       202799         8.89
   19660.799     0.900000       205523        10.00
   20054.015     0.912500       208391        11.43
   20398.079     0.925000       211245        13.33
   20791.295     0.937500       214217        16.00
   20955.135     0.943750       215538        17.78
   21135.359     0.950000       217035        20.00
   21331.967     0.956250       218465        22.86
   21528.575     0.962500       219926        26.67
   21692.415     0.968750       221267        32.00
   21807.103     0.971875       222031        35.56
   21938.175     0.975000       222668        40.00
   22167.551     0.978125       223369        45.71
   22708.223     0.981250       224090        53.33
   23019.519     0.984375       224791        64.00
   23314.431     0.985938       225165        71.11
   23560.191     0.987500       225506        80.00
   23740.415     0.989062       225902        91.43
   23986.175     0.990625       226232       106.67
   24264.703     0.992188       226600       128.00
   24330.239     0.992969       226772       142.22
   24395.775     0.993750       226939       160.00
   24739.839     0.994531       227112       182.86
   25247.743     0.995313       227292       213.33
   25722.879     0.996094       227470       256.00
   25968.639     0.996484       227561       284.44
   26198.015     0.996875       227651       320.00
   26411.007     0.997266       227742       365.71
   26542.079     0.997656       227825       426.67
   26787.839     0.998047       227916       512.00
   26853.375     0.998242       227958       568.89
   26935.295     0.998437       228010       640.00
   27000.831     0.998633       228051       731.43
   27066.367     0.998828       228093       853.33
   27131.903     0.999023       228135      1024.00
   27181.055     0.999121       228166      1137.78
   27213.823     0.999219       228187      1280.00
   27246.591     0.999316       228208      1462.86
   27279.359     0.999414       228225      1706.67
   27328.511     0.999512       228255      2048.00
   27344.895     0.999561       228265      2275.56
   27361.279     0.999609       228275      2560.00
   27377.663     0.999658       228285      2925.71
   27394.047     0.999707       228295      3413.33
   27410.431     0.999756       228305      4096.00
   27426.815     0.999780       228314      4551.11
   27426.815     0.999805       228314      5120.00
   27443.199     0.999829       228324      5851.43
   27459.583     0.999854       228334      6826.67
   27459.583     0.999878       228334      8192.00
   27459.583     0.999890       228334      9102.22
   27475.967     0.999902       228344     10240.00
   27475.967     0.999915       228344     11702.86
   27475.967     0.999927       228344     13653.33
   27492.351     0.999939       228354     16384.00
   27492.351     0.999945       228354     18204.44
   27492.351     0.999951       228354     20480.00
   27492.351     0.999957       228354     23405.71
   27492.351     0.999963       228354     27306.67
   27492.351     0.999969       228354     32768.00
   27492.351     0.999973       228354     36408.89
   27492.351     0.999976       228354     40960.00
   27492.351     0.999979       228354     46811.43
   27492.351     0.999982       228354     54613.33
   27508.735     0.999985       228358     65536.00
   27508.735     1.000000       228358          inf
#[Mean    =     8964.975, StdDeviation   =     7606.843]
#[Max     =    27492.352, Total count    =       228358]
#[Buckets =           27, SubBuckets     =         2048]
----------------------------------------------------------
  263654 requests in 1.00m, 15.59MB read
Requests/sec:   4394.23
Transfer/sec:    266.06KB
