Running 1m test @ http://localhost:8080
  4 threads and 4 connections
  Thread calibration: mean lat.: 1123.071ms, rate sampling interval: 3723ms
  Thread calibration: mean lat.: 1501.342ms, rate sampling interval: 4927ms
  Thread calibration: mean lat.: 1148.000ms, rate sampling interval: 3790ms
  Thread calibration: mean lat.: 1518.944ms, rate sampling interval: 4972ms
  Thread Stats   Avg      Stdev     Max   +/- Stdev
    Latency     8.99s     4.13s   18.30s    62.81%
    Req/Sec     7.30k   488.42     8.23k    69.57%
  Latency Distribution (HdrHistogram - Recorded Latency)
 50.000%    8.68s 
 75.000%   12.26s 
 90.000%   14.63s 
 99.000%   17.78s 
 99.900%   18.28s 
 99.990%   18.32s 
 99.999%   18.32s 
100.000%   18.32s 

  Detailed Percentile spectrum:
       Value   Percentile   TotalCount 1/(1-Percentile)

    2014.207     0.000000            3         1.00
    3538.943     0.100000       144778         1.11
    4935.679     0.200000       289773         1.25
    6320.127     0.300000       434316         1.43
    7294.975     0.400000       579027         1.67
    8683.519     0.500000       724460         2.00
    9502.719     0.550000       796271         2.22
   10100.735     0.600000       869175         2.50
   10772.479     0.650000       941180         2.86
   11460.607     0.700000      1013314         3.33
   12255.231     0.750000      1086101         4.00
   12599.295     0.775000      1122100         4.44
   12902.399     0.800000      1158469         5.00
   13156.351     0.825000      1194183         5.71
   13590.527     0.850000      1230576         6.67
   14032.895     0.875000      1266633         8.00
   14303.231     0.887500      1284627         8.89
   14630.911     0.900000      1302863        10.00
   15310.847     0.912500      1320971        11.43
   15622.143     0.925000      1339349        13.33
   15876.095     0.937500      1357124        16.00
   16089.087     0.943750      1366187        17.78
   16449.535     0.950000      1375235        20.00
   16769.023     0.956250      1384369        22.86
   16924.671     0.962500      1393995        26.67
   17072.127     0.968750      1403206        32.00
   17137.663     0.971875      1407344        35.56
   17219.583     0.975000      1412141        40.00
   17285.119     0.978125      1415923        45.71
   17383.423     0.981250      1420515        53.33
   17465.343     0.984375      1425207        64.00
   17530.879     0.985938      1427122        71.11
   17645.567     0.987500      1429696        80.00
   17727.487     0.989062      1431648        91.43
   17825.791     0.990625      1434114       106.67
   17924.095     0.992188      1436535       128.00
   17956.863     0.992969      1437713       142.22
   17989.631     0.993750      1438689       160.00
   18038.783     0.994531      1439841       182.86
   18087.935     0.995313      1441035       213.33
   18120.703     0.996094      1441827       256.00
   18153.471     0.996484      1442687       284.44
   18169.855     0.996875      1443125       320.00
   18186.239     0.997266      1443461       365.71
   18219.007     0.997656      1444214       426.67
   18235.391     0.998047      1444864       512.00
   18251.775     0.998242      1445301       568.89
   18251.775     0.998437      1445301       640.00
   18268.159     0.998633      1445916       731.43
   18268.159     0.998828      1445916       853.33
   18284.543     0.999023      1446733      1024.00
   18284.543     0.999121      1446733      1137.78
   18284.543     0.999219      1446733      1280.00
   18284.543     0.999316      1446733      1462.86
   18284.543     0.999414      1446733      1706.67
   18284.543     0.999512      1446733      2048.00
   18300.927     0.999561      1447177      2275.56
   18300.927     0.999609      1447177      2560.00
   18300.927     0.999658      1447177      2925.71
   18300.927     0.999707      1447177      3413.33
   18300.927     0.999756      1447177      4096.00
   18300.927     0.999780      1447177      4551.11
   18300.927     0.999805      1447177      5120.00
   18300.927     0.999829      1447177      5851.43
   18317.311     0.999854      1447415      6826.67
   18317.311     1.000000      1447415          inf
#[Mean    =     8994.461, StdDeviation   =     4130.852]
#[Max     =    18300.928, Total count    =      1447415]
#[Buckets =           27, SubBuckets     =         2048]
----------------------------------------------------------
  1753707 requests in 1.00m, 112.06MB read
Requests/sec:  29228.88
Transfer/sec:      1.87MB
