Running 1m test @ http://localhost:8080
  4 threads and 4 connections
  Thread calibration: mean lat.: 1832.798ms, rate sampling interval: 6524ms
  Thread calibration: mean lat.: 1697.902ms, rate sampling interval: 6053ms
  Thread calibration: mean lat.: 1700.578ms, rate sampling interval: 6053ms
  Thread calibration: mean lat.: 1826.130ms, rate sampling interval: 6524ms
  Thread Stats   Avg      Stdev     Max   +/- Stdev
    Latency    12.87s     5.62s   23.35s    56.59%
    Req/Sec     4.66k   214.47     5.02k    76.67%
  Latency Distribution (HdrHistogram - Recorded Latency)
 50.000%   13.07s 
 75.000%   17.68s 
 90.000%   20.53s 
 99.000%   22.94s 
 99.900%   23.31s 
 99.990%   23.36s 
 99.999%   23.36s 
100.000%   23.36s 

  Detailed Percentile spectrum:
       Value   Percentile   TotalCount 1/(1-Percentile)

    3381.247     0.000000            9         1.00
    5148.671     0.100000        93340         1.11
    6799.359     0.200000       186318         1.25
    8716.287     0.300000       279412         1.43
   11083.775     0.400000       372453         1.67
   13074.431     0.500000       465894         2.00
   13983.743     0.550000       512305         2.22
   14893.055     0.600000       558868         2.50
   15818.751     0.650000       605310         2.86
   16744.447     0.700000       651961         3.33
   17678.335     0.750000       698308         4.00
   18153.471     0.775000       722061         4.44
   18628.607     0.800000       744798         5.00
   19103.743     0.825000       768842         5.71
   19578.879     0.850000       791853         6.67
   20054.015     0.875000       814597         8.00
   20299.775     0.887500       826660         8.89
   20529.151     0.900000       838315        10.00
   20758.527     0.912500       850010        11.43
   21004.287     0.925000       861242        13.33
   21250.047     0.937500       873167        16.00
   21364.735     0.943750       878823        17.78
   21479.423     0.950000       884416        20.00
   21610.495     0.956250       890602        22.86
   21872.639     0.962500       896292        26.67
   22102.015     0.968750       901984        32.00
   22216.703     0.971875       904791        35.56
   22347.775     0.975000       907936        40.00
   22462.463     0.978125       910697        45.71
   22593.535     0.981250       913761        53.33
   22708.223     0.984375       916602        64.00
   22773.759     0.985938       918012        71.11
   22839.295     0.987500       919501        80.00
   22904.831     0.989062       921007        91.43
   22970.367     0.990625       922441       106.67
   23035.903     0.992188       923868       128.00
   23068.671     0.992969       924659       142.22
   23101.439     0.993750       925402       160.00
   23134.207     0.994531       926100       182.86
   23166.975     0.995313       926809       213.33
   23199.743     0.996094       927573       256.00
   23216.127     0.996484       927937       284.44
   23232.511     0.996875       928318       320.00
   23248.895     0.997266       928716       365.71
   23265.279     0.997656       929088       426.67
   23281.663     0.998047       929459       512.00
   23281.663     0.998242       929459       568.89
   23298.047     0.998437       929865       640.00
   23298.047     0.998633       929865       731.43
   23298.047     0.998828       929865       853.33
   23314.431     0.999023       930259      1024.00
   23314.431     0.999121       930259      1137.78
   23314.431     0.999219       930259      1280.00
   23330.815     0.999316       930567      1462.86
   23330.815     0.999414       930567      1706.67
   23330.815     0.999512       930567      2048.00
   23330.815     0.999561       930567      2275.56
   23330.815     0.999609       930567      2560.00
   23347.199     0.999658       930805      2925.71
   23347.199     0.999707       930805      3413.33
   23347.199     0.999756       930805      4096.00
   23347.199     0.999780       930805      4551.11
   23347.199     0.999805       930805      5120.00
   23347.199     0.999829       930805      5851.43
   23347.199     0.999854       930805      6826.67
   23363.583     0.999878       930929      8192.00
   23363.583     1.000000       930929          inf
#[Mean    =    12869.324, StdDeviation   =     5620.548]
#[Max     =    23347.200, Total count    =       930929]
#[Buckets =           27, SubBuckets     =         2048]
----------------------------------------------------------
  1125611 requests in 1.00m, 89.10MB read
Requests/sec:  18760.49
Transfer/sec:      1.48MB
