Running 1m test @ http://localhost:8080
  4 threads and 4 connections
  Thread calibration: mean lat.: 1.240ms, rate sampling interval: 10ms
  Thread calibration: mean lat.: 1.570ms, rate sampling interval: 10ms
  Thread calibration: mean lat.: 1.219ms, rate sampling interval: 10ms
  Thread calibration: mean lat.: 1.591ms, rate sampling interval: 10ms
  Thread Stats   Avg      Stdev     Max   +/- Stdev
    Latency     1.25ms    1.29ms  25.46ms   96.36%
    Req/Sec     5.28k   594.50     9.22k    74.97%
  Latency Distribution (HdrHistogram - Recorded Latency)
 50.000%    1.09ms
 75.000%    1.60ms
 90.000%    1.96ms
 99.000%    6.32ms
 99.900%   17.01ms
 99.990%   23.25ms
 99.999%   25.12ms
100.000%   25.47ms

  Detailed Percentile spectrum:
       Value   Percentile   TotalCount 1/(1-Percentile)

       0.055     0.000000            3         1.00
       0.322     0.100000       100170         1.11
       0.536     0.200000       200314         1.25
       0.742     0.300000       300304         1.43
       0.938     0.400000       400096         1.67
       1.087     0.500000       500256         2.00
       1.152     0.550000       550191         2.22
       1.256     0.600000       600252         2.50
       1.369     0.650000       650215         2.86
       1.483     0.700000       700052         3.33
       1.599     0.750000       750299         4.00
       1.656     0.775000       774944         4.44
       1.716     0.800000       800238         5.00
       1.774     0.825000       824946         5.71
       1.835     0.850000       850255         6.67
       1.895     0.875000       874956         8.00
       1.925     0.887500       887568         8.89
       1.957     0.900000       899962        10.00
       1.990     0.912500       912733        11.43
       2.022     0.925000       925196        13.33
       2.055     0.937500       937609        16.00
       2.075     0.943750       943975        17.78
       2.109     0.950000       950150        20.00
       2.219     0.956250       956165        22.86
       2.489     0.962500       962422        26.67
       2.885     0.968750       968652        32.00
       3.145     0.971875       971775        35.56
       3.455     0.975000       974895        40.00
       3.815     0.978125       978020        45.71
       4.243     0.981250       981168        53.33
       4.795     0.984375       984276        64.00
       5.127     0.985938       985852        71.11
       5.495     0.987500       987396        80.00
       5.959     0.989062       988965        91.43
       6.567     0.990625       990527       106.67
       7.399     0.992188       992081       128.00
       7.895     0.992969       992860       142.22
       8.591     0.993750       993641       160.00
       9.231     0.994531       994423       182.86
      10.055     0.995313       995207       213.33
      11.295     0.996094       995985       256.00
      11.911     0.996484       996380       284.44
      12.559     0.996875       996765       320.00
      13.263     0.997266       997158       365.71
      13.999     0.997656       997547       426.67
      14.671     0.998047       997939       512.00
      15.159     0.998242       998133       568.89
      15.631     0.998437       998327       640.00
      16.135     0.998633       998526       731.43
      16.719     0.998828       998719       853.33
      17.039     0.999023       998913      1024.00
      17.263     0.999121       999012      1137.78
      17.631     0.999219       999108      1280.00
      18.079     0.999316       999209      1462.86
      18.543     0.999414       999304      1706.67
      19.247     0.999512       999401      2048.00
      19.535     0.999561       999450      2275.56
      19.775     0.999609       999499      2560.00
      20.335     0.999658       999548      2925.71
      20.783     0.999707       999600      3413.33
      21.183     0.999756       999647      4096.00
      21.343     0.999780       999670      4551.11
      21.567     0.999805       999695      5120.00
      22.015     0.999829       999719      5851.43
      22.447     0.999854       999743      6826.67
      22.815     0.999878       999767      8192.00
      23.007     0.999890       999780      9102.22
      23.311     0.999902       999792     10240.00
      23.375     0.999915       999804     11702.86
      23.551     0.999927       999816     13653.33
      23.839     0.999939       999828     16384.00
      23.951     0.999945       999835     18204.44
      24.143     0.999951       999842     20480.00
      24.399     0.999957       999847     23405.71
      24.607     0.999963       999853     27306.67
      24.703     0.999969       999859     32768.00
      24.735     0.999973       999862     36408.89
      24.831     0.999976       999865     40960.00
      24.911     0.999979       999868     46811.43
      24.927     0.999982       999871     54613.33
      25.055     0.999985       999874     65536.00
      25.103     0.999986       999877     72817.78
      25.103     0.999988       999877     81920.00
      25.119     0.999989       999879     93622.86
      25.135     0.999991       999880    109226.67
      25.231     0.999992       999882    131072.00
      25.263     0.999993       999883    145635.56
      25.263     0.999994       999883    163840.00
      25.311     0.999995       999884    187245.71
      25.327     0.999995       999885    218453.33
      25.343     0.999996       999886    262144.00
      25.343     0.999997       999886    291271.11
      25.343     0.999997       999886    327680.00
      25.375     0.999997       999887    374491.43
      25.375     0.999998       999887    436906.67
      25.439     0.999998       999888    524288.00
      25.439     0.999998       999888    582542.22
      25.439     0.999998       999888    655360.00
      25.439     0.999999       999888    748982.86
      25.439     0.999999       999888    873813.33
      25.471     0.999999       999889   1048576.00
      25.471     1.000000       999889          inf
#[Mean    =        1.255, StdDeviation   =        1.291]
#[Max     =       25.456, Total count    =       999889]
#[Buckets =           27, SubBuckets     =         2048]
----------------------------------------------------------
  1199960 requests in 1.00m, 76.67MB read
Requests/sec:  19999.90
Transfer/sec:      1.28MB
