Running 1m test @ http://localhost:8080
  4 threads and 4 connections
  Thread calibration: mean lat.: 1.072ms, rate sampling interval: 10ms
  Thread calibration: mean lat.: 1.067ms, rate sampling interval: 10ms
  Thread calibration: mean lat.: 1.065ms, rate sampling interval: 10ms
  Thread calibration: mean lat.: 1.077ms, rate sampling interval: 10ms
  Thread Stats   Avg      Stdev     Max   +/- Stdev
    Latency     1.09ms  640.78us  18.32ms   72.99%
    Req/Sec     2.64k   229.16     5.11k    64.48%
  Latency Distribution (HdrHistogram - Recorded Latency)
 50.000%    1.06ms
 75.000%    1.47ms
 90.000%    1.79ms
 99.000%    2.32ms
 99.900%    7.20ms
 99.990%   15.49ms
 99.999%   17.52ms
100.000%   18.33ms

  Detailed Percentile spectrum:
       Value   Percentile   TotalCount 1/(1-Percentile)

       0.055     0.000000            1         1.00
       0.356     0.100000        50096         1.11
       0.572     0.200000       100046         1.25
       0.782     0.300000       150185         1.43
       0.946     0.400000       200368         1.67
       1.060     0.500000       250087         2.00
       1.115     0.550000       275005         2.22
       1.177     0.600000       300288         2.50
       1.261     0.650000       325098         2.86
       1.363     0.700000       350163         3.33
       1.471     0.750000       375176         4.00
       1.523     0.775000       387620         4.44
       1.575     0.800000       400020         5.00
       1.627     0.825000       412486         5.71
       1.682     0.850000       425004         6.67
       1.737     0.875000       437660         8.00
       1.764     0.887500       443759         8.89
       1.792     0.900000       450112        10.00
       1.820     0.912500       456400        11.43
       1.848     0.925000       462511        13.33
       1.877     0.937500       468789        16.00
       1.891     0.943750       471920        17.78
       1.905     0.950000       474950        20.00
       1.922     0.956250       478209        22.86
       1.940     0.962500       481344        26.67
       1.961     0.968750       484456        32.00
       1.972     0.971875       485882        35.56
       1.987     0.975000       487508        40.00
       2.005     0.978125       489012        45.71
       2.031     0.981250       490590        53.33
       2.079     0.984375       492181        64.00
       2.119     0.985938       492941        71.11
       2.181     0.987500       493691        80.00
       2.267     0.989062       494481        91.43
       2.367     0.990625       495255       106.67
       2.485     0.992188       496037       128.00
       2.559     0.992969       496429       142.22
       2.639     0.993750       496819       160.00
       2.755     0.994531       497208       182.86
       2.915     0.995313       497598       213.33
       3.217     0.996094       497991       256.00
       3.411     0.996484       498185       284.44
       3.653     0.996875       498377       320.00
       3.919     0.997266       498573       365.71
       4.263     0.997656       498772       426.67
       4.771     0.998047       498964       512.00
       5.079     0.998242       499063       568.89
       5.471     0.998437       499158       640.00
       5.979     0.998633       499256       731.43
       6.579     0.998828       499355       853.33
       7.295     0.999023       499451      1024.00
       7.795     0.999121       499500      1137.78
       8.375     0.999219       499549      1280.00
       9.183     0.999316       499598      1462.86
      10.031     0.999414       499647      1706.67
      10.703     0.999512       499695      2048.00
      11.023     0.999561       499720      2275.56
      11.431     0.999609       499745      2560.00
      12.007     0.999658       499769      2925.71
      12.591     0.999707       499793      3413.33
      13.143     0.999756       499817      4096.00
      13.487     0.999780       499830      4551.11
      13.943     0.999805       499842      5120.00
      14.295     0.999829       499854      5851.43
      14.679     0.999854       499866      6826.67
      15.095     0.999878       499878      8192.00
      15.335     0.999890       499885      9102.22
      15.511     0.999902       499891     10240.00
      15.703     0.999915       499897     11702.86
      16.007     0.999927       499903     13653.33
      16.271     0.999939       499910     16384.00
      16.359     0.999945       499912     18204.44
      16.463     0.999951       499915     20480.00
      16.671     0.999957       499918     23405.71
      16.735     0.999963       499921     27306.67
      16.943     0.999969       499925     32768.00
      17.007     0.999973       499926     36408.89
      17.055     0.999976       499928     40960.00
      17.135     0.999979       499929     46811.43
      17.167     0.999982       499930     54613.33
      17.359     0.999985       499932     65536.00
      17.471     0.999986       499933     72817.78
      17.471     0.999988       499933     81920.00
      17.519     0.999989       499934     93622.86
      17.647     0.999991       499935    109226.67
      17.807     0.999992       499936    131072.00
      17.807     0.999993       499936    145635.56
      17.807     0.999994       499936    163840.00
      17.951     0.999995       499937    187245.71
      17.951     0.999995       499937    218453.33
      18.095     0.999996       499938    262144.00
      18.095     0.999997       499938    291271.11
      18.095     0.999997       499938    327680.00
      18.095     0.999997       499938    374491.43
      18.095     0.999998       499938    436906.67
      18.335     0.999998       499939    524288.00
      18.335     1.000000       499939          inf
#[Mean    =        1.091, StdDeviation   =        0.641]
#[Max     =       18.320, Total count    =       499939]
#[Buckets =           27, SubBuckets     =         2048]
----------------------------------------------------------
  599981 requests in 1.00m, 48.06MB read
Requests/sec:   9999.88
Transfer/sec:    820.30KB
