Running 1m test @ http://localhost:8080
  4 threads and 4 connections
  Thread calibration: mean lat.: 1.057ms, rate sampling interval: 10ms
  Thread calibration: mean lat.: 1.078ms, rate sampling interval: 10ms
  Thread calibration: mean lat.: 1.068ms, rate sampling interval: 10ms
  Thread calibration: mean lat.: 1.068ms, rate sampling interval: 10ms
  Thread Stats   Avg      Stdev     Max   +/- Stdev
    Latency     1.07ms  557.57us   9.10ms   65.77%
    Req/Sec     2.64k   229.70     4.78k    63.16%
  Latency Distribution (HdrHistogram - Recorded Latency)
 50.000%    1.05ms
 75.000%    1.45ms
 90.000%    1.77ms
 99.000%    2.11ms
 99.900%    4.90ms
 99.990%    7.36ms
 99.999%    8.53ms
100.000%    9.11ms

  Detailed Percentile spectrum:
       Value   Percentile   TotalCount 1/(1-Percentile)

       0.051     0.000000            2         1.00
       0.343     0.100000        50110         1.11
       0.557     0.200000       100081         1.25
       0.765     0.300000       149984         1.43
       0.932     0.400000       200026         1.67
       1.047     0.500000       250002         2.00
       1.101     0.550000       275079         2.22
       1.158     0.600000       300222         2.50
       1.234     0.650000       325119         2.86
       1.336     0.700000       350221         3.33
       1.447     0.750000       375091         4.00
       1.501     0.775000       387617         4.44
       1.553     0.800000       400190         5.00
       1.603     0.825000       412479         5.71
       1.656     0.850000       425027         6.67
       1.713     0.875000       437595         8.00
       1.742     0.887500       443764         8.89
       1.772     0.900000       450098        10.00
       1.801     0.912500       456344        11.43
       1.830     0.925000       462610        13.33
       1.856     0.937500       468710        16.00
       1.870     0.943750       471840        17.78
       1.885     0.950000       475090        20.00
       1.899     0.956250       478280        22.86
       1.913     0.962500       481229        26.67
       1.930     0.968750       484412        32.00
       1.940     0.971875       485987        35.56
       1.950     0.975000       487550        40.00
       1.961     0.978125       489029        45.71
       1.976     0.981250       490647        53.33
       1.995     0.984375       492160        64.00
       2.009     0.985938       492928        71.11
       2.030     0.987500       493687        80.00
       2.069     0.989062       494488        91.43
       2.165     0.990625       495247       106.67
       2.383     0.992188       496022       128.00
       2.543     0.992969       496414       142.22
       2.729     0.993750       496804       160.00
       2.955     0.994531       497197       182.86
       3.191     0.995313       497585       213.33
       3.463     0.996094       497978       256.00
       3.593     0.996484       498174       284.44
       3.729     0.996875       498366       320.00
       3.917     0.997266       498563       365.71
       4.071     0.997656       498756       426.67
       4.279     0.998047       498952       512.00
       4.379     0.998242       499049       568.89
       4.499     0.998437       499148       640.00
       4.627     0.998633       499245       731.43
       4.755     0.998828       499343       853.33
       4.919     0.999023       499440      1024.00
       5.015     0.999121       499488      1137.78
       5.119     0.999219       499537      1280.00
       5.227     0.999316       499589      1462.86
       5.407     0.999414       499636      1706.67
       5.515     0.999512       499683      2048.00
       5.627     0.999561       499708      2275.56
       5.723     0.999609       499733      2560.00
       5.839     0.999658       499757      2925.71
       5.999     0.999707       499781      3413.33
       6.175     0.999756       499805      4096.00
       6.263     0.999780       499818      4551.11
       6.339     0.999805       499830      5120.00
       6.535     0.999829       499842      5851.43
       6.827     0.999854       499854      6826.67
       7.115     0.999878       499866      8192.00
       7.287     0.999890       499873      9102.22
       7.407     0.999902       499879     10240.00
       7.495     0.999915       499885     11702.86
       7.587     0.999927       499891     13653.33
       7.699     0.999939       499897     16384.00
       7.759     0.999945       499900     18204.44
       7.823     0.999951       499903     20480.00
       7.939     0.999957       499906     23405.71
       8.003     0.999963       499909     27306.67
       8.059     0.999969       499912     32768.00
       8.131     0.999973       499914     36408.89
       8.139     0.999976       499915     40960.00
       8.247     0.999979       499917     46811.43
       8.263     0.999982       499918     54613.33
       8.367     0.999985       499920     65536.00
       8.519     0.999986       499921     72817.78
       8.519     0.999988       499921     81920.00
       8.535     0.999989       499922     93622.86
       8.559     0.999991       499923    109226.67
       8.679     0.999992       499924    131072.00
       8.679     0.999993       499924    145635.56
       8.679     0.999994       499924    163840.00
       8.855     0.999995       499925    187245.71
       8.855     0.999995       499925    218453.33
       8.975     0.999996       499926    262144.00
       8.975     0.999997       499926    291271.11
       8.975     0.999997       499926    327680.00
       8.975     0.999997       499926    374491.43
       8.975     0.999998       499926    436906.67
       9.111     0.999998       499927    524288.00
       9.111     1.000000       499927          inf
#[Mean    =        1.066, StdDeviation   =        0.558]
#[Max     =        9.104, Total count    =       499927]
#[Buckets =           27, SubBuckets     =         2048]
----------------------------------------------------------
  599972 requests in 1.00m, 48.63MB read
  Non-2xx or 3xx responses: 599972
Requests/sec:   9999.70
Transfer/sec:    830.05KB
