Running 1m test @ http://localhost:8080
  4 threads and 4 connections
  Thread calibration: mean lat.: 2495.955ms, rate sampling interval: 8953ms
  Thread calibration: mean lat.: 2484.832ms, rate sampling interval: 8945ms
  Thread calibration: mean lat.: 2491.239ms, rate sampling interval: 8929ms
  Thread calibration: mean lat.: 2485.121ms, rate sampling interval: 8904ms
  Thread Stats   Avg      Stdev     Max   +/- Stdev
    Latency    17.49s     6.99s   29.67s    58.69%
    Req/Sec     1.27k    32.98     1.30k    80.00%
  Latency Distribution (HdrHistogram - Recorded Latency)
 50.000%   17.55s 
 75.000%   23.48s 
 90.000%   27.13s 
 99.000%   29.34s 
 99.900%   29.64s 
 99.990%   29.69s 
 99.999%   29.69s 
100.000%   29.69s 

  Detailed Percentile spectrum:
       Value   Percentile   TotalCount 1/(1-Percentile)

    4976.639     0.000000            9         1.00
    7720.959     0.100000        25444         1.11
   10387.455     0.200000        50899         1.25
   12779.519     0.300000        76297         1.43
   15147.007     0.400000       101662         1.67
   17547.263     0.500000       127211         2.00
   18726.911     0.550000       139754         2.22
   19939.327     0.600000       152617         2.50
   21118.975     0.650000       165227         2.86
   22298.623     0.700000       177917         3.33
   23478.271     0.750000       190585         4.00
   24084.479     0.775000       197025         4.44
   24674.303     0.800000       203346         5.00
   25264.127     0.825000       209643         5.71
   25903.103     0.850000       216048         6.67
   26525.695     0.875000       222402         8.00
   26836.991     0.887500       225619         8.89
   27131.903     0.900000       228692        10.00
   27443.199     0.912500       231869        11.43
   27787.263     0.925000       235132        13.33
   28098.559     0.937500       238386        16.00
   28246.015     0.943750       239962        17.78
   28393.471     0.950000       241536        20.00
   28540.927     0.956250       243059        22.86
   28688.383     0.962500       244623        26.67
   28835.839     0.968750       246213        32.00
   28917.759     0.971875       247065        35.56
   28983.295     0.975000       247787        40.00
   29065.215     0.978125       248665        45.71
   29130.751     0.981250       249359        53.33
   29212.671     0.984375       250236        64.00
   29245.439     0.985938       250614        71.11
   29278.207     0.987500       250967        80.00
   29327.359     0.989062       251506        91.43
   29360.127     0.990625       251862       106.67
   29392.895     0.992188       252178       128.00
   29409.279     0.992969       252356       142.22
   29425.663     0.993750       252528       160.00
   29458.431     0.994531       252815       182.86
   29474.815     0.995313       252938       213.33
   29507.583     0.996094       253201       256.00
   29523.967     0.996484       253288       284.44
   29540.351     0.996875       253381       320.00
   29556.735     0.997266       253465       365.71
   29573.119     0.997656       253564       426.67
   29589.503     0.998047       253652       512.00
   29589.503     0.998242       253652       568.89
   29605.887     0.998437       253758       640.00
   29605.887     0.998633       253758       731.43
   29622.271     0.998828       253832       853.33
   29638.655     0.999023       253903      1024.00
   29638.655     0.999121       253903      1137.78
   29638.655     0.999219       253903      1280.00
   29655.039     0.999316       254001      1462.86
   29655.039     0.999414       254001      1706.67
   29655.039     0.999512       254001      2048.00
   29655.039     0.999561       254001      2275.56
   29655.039     0.999609       254001      2560.00
   29671.423     0.999658       254062      2925.71
   29671.423     0.999707       254062      3413.33
   29671.423     0.999756       254062      4096.00
   29671.423     0.999780       254062      4551.11
   29671.423     0.999805       254062      5120.00
   29671.423     0.999829       254062      5851.43
   29671.423     0.999854       254062      6826.67
   29687.807     0.999878       254095      8192.00
   29687.807     1.000000       254095          inf
#[Mean    =    17488.519, StdDeviation   =     6987.084]
#[Max     =    29671.424, Total count    =       254095]
#[Buckets =           27, SubBuckets     =         2048]
----------------------------------------------------------
  304289 requests in 1.00m, 25.75MB read
Requests/sec:   5071.56
Transfer/sec:    439.42KB
