Running 1m test @ http://localhost:8080
  4 threads and 4 connections
  Thread calibration: mean lat.: 1.178ms, rate sampling interval: 10ms
  Thread calibration: mean lat.: 1.145ms, rate sampling interval: 10ms
  Thread calibration: mean lat.: 1.178ms, rate sampling interval: 10ms
  Thread calibration: mean lat.: 1.166ms, rate sampling interval: 10ms
  Thread Stats   Avg      Stdev     Max   +/- Stdev
    Latency     1.32ms    2.44ms  69.89ms   97.61%
    Req/Sec     2.64k   345.39     6.22k    84.66%
  Latency Distribution (HdrHistogram - Recorded Latency)
 50.000%    1.08ms
 75.000%    1.53ms
 90.000%    1.87ms
 99.000%    6.16ms
 99.900%   48.51ms
 99.990%   66.94ms
 99.999%   69.12ms
100.000%   69.95ms

  Detailed Percentile spectrum:
       Value   Percentile   TotalCount 1/(1-Percentile)

       0.057     0.000000            2         1.00
       0.363     0.100000        50148         1.11
       0.587     0.200000       100127         1.25
       0.800     0.300000       150105         1.43
       0.963     0.400000       200004         1.67
       1.080     0.500000       250145         2.00
       1.138     0.550000       275129         2.22
       1.209     0.600000       300176         2.50
       1.308     0.650000       325124         2.86
       1.419     0.700000       350011         3.33
       1.531     0.750000       375173         4.00
       1.585     0.775000       387641         4.44
       1.641     0.800000       400131         5.00
       1.698     0.825000       412512         5.71
       1.757     0.850000       425097         6.67
       1.815     0.875000       437600         8.00
       1.845     0.887500       443877         8.89
       1.874     0.900000       450118        10.00
       1.904     0.912500       456371        11.43
       1.936     0.925000       462546        13.33
       1.982     0.937500       468700        16.00
       2.026     0.943750       471845        17.78
       2.149     0.950000       474949        20.00
       2.429     0.956250       478085        22.86
       2.773     0.962500       481196        26.67
       3.181     0.968750       484323        32.00
       3.409     0.971875       485882        35.56
       3.669     0.975000       487452        40.00
       3.971     0.978125       489015        45.71
       4.327     0.981250       490570        53.33
       4.763     0.984375       492132        64.00
       5.043     0.985938       492915        71.11
       5.379     0.987500       493692        80.00
       5.807     0.989062       494476        91.43
       6.451     0.990625       495259       106.67
       7.427     0.992188       496037       128.00
       8.063     0.992969       496427       142.22
       8.967     0.993750       496823       160.00
      10.055     0.994531       497209       182.86
      11.519     0.995313       497599       213.33
      13.735     0.996094       497989       256.00
      14.783     0.996484       498187       284.44
      16.143     0.996875       498380       320.00
      17.999     0.997266       498575       365.71
      20.767     0.997656       498771       426.67
      24.975     0.998047       498967       512.00
      28.815     0.998242       499063       568.89
      33.919     0.998437       499160       640.00
      39.135     0.998633       499258       731.43
      44.063     0.998828       499356       853.33
      48.927     0.999023       499453      1024.00
      51.487     0.999121       499502      1137.78
      53.471     0.999219       499551      1280.00
      55.135     0.999316       499600      1462.86
      56.447     0.999414       499650      1706.67
      57.695     0.999512       499698      2048.00
      58.719     0.999561       499724      2275.56
      59.743     0.999609       499746      2560.00
      60.959     0.999658       499771      2925.71
      62.271     0.999707       499796      3413.33
      63.455     0.999756       499819      4096.00
      64.127     0.999780       499832      4551.11
      64.671     0.999805       499844      5120.00
      65.247     0.999829       499856      5851.43
      65.791     0.999854       499868      6826.67
      66.431     0.999878       499882      8192.00
      66.751     0.999890       499887      9102.22
      67.007     0.999902       499893     10240.00
      67.391     0.999915       499899     11702.86
      67.711     0.999927       499906     13653.33
      67.903     0.999939       499912     16384.00
      68.031     0.999945       499915     18204.44
      68.095     0.999951       499917     20480.00
      68.287     0.999957       499920     23405.71
      68.479     0.999963       499923     27306.67
      68.607     0.999969       499926     32768.00
      68.735     0.999973       499928     36408.89
      68.799     0.999976       499929     40960.00
      68.863     0.999979       499931     46811.43
      68.927     0.999982       499932     54613.33
      69.055     0.999985       499934     65536.00
      69.119     0.999986       499936     72817.78
      69.119     0.999988       499936     81920.00
      69.119     0.999989       499936     93622.86
      69.183     0.999991       499937    109226.67
      69.247     0.999992       499938    131072.00
      69.247     0.999993       499938    145635.56
      69.247     0.999994       499938    163840.00
      69.503     0.999995       499939    187245.71
      69.503     0.999995       499939    218453.33
      69.695     0.999996       499940    262144.00
      69.695     0.999997       499940    291271.11
      69.695     0.999997       499940    327680.00
      69.695     0.999997       499940    374491.43
      69.695     0.999998       499940    436906.67
      69.951     0.999998       499941    524288.00
      69.951     1.000000       499941          inf
#[Mean    =        1.324, StdDeviation   =        2.438]
#[Max     =       69.888, Total count    =       499941]
#[Buckets =           27, SubBuckets     =         2048]
----------------------------------------------------------
  599985 requests in 1.00m, 47.49MB read
Requests/sec:   9999.78
Transfer/sec:    810.52KB
