Running 1m test @ http://localhost:8080
  4 threads and 4 connections
  Thread calibration: mean lat.: 1.040ms, rate sampling interval: 10ms
  Thread calibration: mean lat.: 1.054ms, rate sampling interval: 10ms
  Thread calibration: mean lat.: 1.054ms, rate sampling interval: 10ms
  Thread calibration: mean lat.: 1.047ms, rate sampling interval: 10ms
  Thread Stats   Avg      Stdev     Max   +/- Stdev
    Latency     1.06ms    0.97ms  70.40ms   98.53%
    Req/Sec     2.64k   262.29    16.33k    81.72%
  Latency Distribution (HdrHistogram - Recorded Latency)
 50.000%    1.03ms
 75.000%    1.43ms
 90.000%    1.75ms
 99.000%    2.04ms
 99.900%    6.68ms
 99.990%   52.51ms
 99.999%   68.67ms
100.000%   70.46ms

  Detailed Percentile spectrum:
       Value   Percentile   TotalCount 1/(1-Percentile)

       0.030     0.000000            2         1.00
       0.315     0.100000        50203         1.11
       0.535     0.200000       100090         1.25
       0.753     0.300000       150239         1.43
       0.916     0.400000       200219         1.67
       1.029     0.500000       250349         2.00
       1.084     0.550000       275333         2.22
       1.140     0.600000       300130         2.50
       1.219     0.650000       325040         2.86
       1.324     0.700000       350059         3.33
       1.430     0.750000       375066         4.00
       1.483     0.775000       387591         4.44
       1.537     0.800000       400070         5.00
       1.593     0.825000       412627         5.71
       1.648     0.850000       425119         6.67
       1.701     0.875000       437487         8.00
       1.728     0.887500       443831         8.89
       1.755     0.900000       450111        10.00
       1.781     0.912500       456220        11.43
       1.808     0.925000       462465        13.33
       1.837     0.937500       468939        16.00
       1.851     0.943750       472052        17.78
       1.865     0.950000       475053        20.00
       1.880     0.956250       478204        22.86
       1.896     0.962500       481298        26.67
       1.913     0.968750       484401        32.00
       1.922     0.971875       485957        35.56
       1.932     0.975000       487560        40.00
       1.943     0.978125       489061        45.71
       1.957     0.981250       490586        53.33
       1.976     0.984375       492216        64.00
       1.986     0.985938       492931        71.11
       2.001     0.987500       493745        80.00
       2.019     0.989062       494489        91.43
       2.049     0.990625       495289       106.67
       2.099     0.992188       496077       128.00
       2.139     0.992969       496449       142.22
       2.207     0.993750       496834       160.00
       2.295     0.994531       497221       182.86
       2.417     0.995313       497611       213.33
       2.589     0.996094       498005       256.00
       2.719     0.996484       498196       284.44
       2.915     0.996875       498391       320.00
       3.211     0.997266       498587       365.71
       3.673     0.997656       498783       426.67
       4.291     0.998047       498978       512.00
       4.667     0.998242       499076       568.89
       5.119     0.998437       499172       640.00
       5.631     0.998633       499270       731.43
       6.195     0.998828       499368       853.33
       6.755     0.999023       499465      1024.00
       7.055     0.999121       499514      1137.78
       7.419     0.999219       499563      1280.00
       7.779     0.999316       499612      1462.86
       8.163     0.999414       499661      1706.67
       8.759     0.999512       499710      2048.00
       9.183     0.999561       499734      2275.56
       9.687     0.999609       499758      2560.00
      10.863     0.999658       499783      2925.71
      17.775     0.999707       499807      3413.33
      26.575     0.999756       499831      4096.00
      31.231     0.999780       499844      4551.11
      35.519     0.999805       499856      5120.00
      39.711     0.999829       499868      5851.43
      44.159     0.999854       499880      6826.67
      48.511     0.999878       499892      8192.00
      51.039     0.999890       499899      9102.22
      53.215     0.999902       499905     10240.00
      55.359     0.999915       499911     11702.86
      57.503     0.999927       499917     13653.33
      59.647     0.999939       499923     16384.00
      60.607     0.999945       499926     18204.44
      61.663     0.999951       499929     20480.00
      62.751     0.999957       499932     23405.71
      63.871     0.999963       499935     27306.67
      64.991     0.999969       499938     32768.00
      65.727     0.999973       499940     36408.89
      66.111     0.999976       499941     40960.00
      66.815     0.999979       499943     46811.43
      67.199     0.999982       499944     54613.33
      67.903     0.999985       499946     65536.00
      68.287     0.999986       499947     72817.78
      68.287     0.999988       499947     81920.00
      68.671     0.999989       499948     93622.86
      68.991     0.999991       499949    109226.67
      69.375     0.999992       499950    131072.00
      69.375     0.999993       499950    145635.56
      69.375     0.999994       499950    163840.00
      69.759     0.999995       499951    187245.71
      69.759     0.999995       499951    218453.33
      70.079     0.999996       499952    262144.00
      70.079     0.999997       499952    291271.11
      70.079     0.999997       499952    327680.00
      70.079     0.999997       499952    374491.43
      70.079     0.999998       499952    436906.67
      70.463     0.999998       499953    524288.00
      70.463     1.000000       499953          inf
#[Mean    =        1.058, StdDeviation   =        0.969]
#[Max     =       70.400, Total count    =       499953]
#[Buckets =           27, SubBuckets     =         2048]
----------------------------------------------------------
  599996 requests in 1.00m, 35.48MB read
Requests/sec:   9999.87
Transfer/sec:    605.46KB
