Running 1m test @ http://localhost:8080
  4 threads and 4 connections
  Thread calibration: mean lat.: 1.561ms, rate sampling interval: 10ms
  Thread calibration: mean lat.: 1.554ms, rate sampling interval: 10ms
  Thread calibration: mean lat.: 1.556ms, rate sampling interval: 10ms
  Thread calibration: mean lat.: 1.556ms, rate sampling interval: 10ms
  Thread Stats   Avg      Stdev     Max   +/- Stdev
    Latency     1.65ms    1.86ms  61.89ms   98.17%
    Req/Sec   263.69     58.27     1.22k    59.64%
  Latency Distribution (HdrHistogram - Recorded Latency)
 50.000%    1.47ms
 75.000%    1.76ms
 90.000%    2.14ms
 99.000%    5.55ms
 99.900%   35.04ms
 99.990%   53.12ms
 99.999%   61.92ms
100.000%   61.92ms

  Detailed Percentile spectrum:
       Value   Percentile   TotalCount 1/(1-Percentile)

       0.289     0.000000            1         1.00
       0.959     0.100000         5016         1.11
       1.116     0.200000        10033         1.25
       1.241     0.300000        15018         1.43
       1.353     0.400000        20033         1.67
       1.472     0.500000        25021         2.00
       1.526     0.550000        27531         2.22
       1.581     0.600000        30032         2.50
       1.637     0.650000        32522         2.86
       1.697     0.700000        35040         3.33
       1.762     0.750000        37524         4.00
       1.800     0.775000        38761         4.44
       1.841     0.800000        40009         5.00
       1.897     0.825000        41265         5.71
       1.957     0.850000        42501         6.67
       2.036     0.875000        43755         8.00
       2.081     0.887500        44373         8.89
       2.137     0.900000        45012        10.00
       2.195     0.912500        45626        11.43
       2.263     0.925000        46261        13.33
       2.345     0.937500        46876        16.00
       2.393     0.943750        47185        17.78
       2.455     0.950000        47501        20.00
       2.545     0.956250        47816        22.86
       2.641     0.962500        48127        26.67
       2.791     0.968750        48434        32.00
       2.893     0.971875        48594        35.56
       3.025     0.975000        48747        40.00
       3.205     0.978125        48903        45.71
       3.475     0.981250        49059        53.33
       3.899     0.984375        49215        64.00
       4.159     0.985938        49293        71.11
       4.579     0.987500        49372        80.00
       5.195     0.989062        49450        91.43
       5.791     0.990625        49528       106.67
       6.287     0.992188        49606       128.00
       6.563     0.992969        49645       142.22
       6.819     0.993750        49684       160.00
       7.147     0.994531        49723       182.86
       7.943     0.995313        49762       213.33
       9.927     0.996094        49801       256.00
      12.335     0.996484        49821       284.44
      15.111     0.996875        49840       320.00
      18.239     0.997266        49860       365.71
      20.175     0.997656        49879       426.67
      23.775     0.998047        49899       512.00
      25.167     0.998242        49910       568.89
      26.463     0.998437        49918       640.00
      30.367     0.998633        49928       731.43
      33.599     0.998828        49938       853.33
      35.263     0.999023        49948      1024.00
      35.999     0.999121        49953      1137.78
      38.047     0.999219        49957      1280.00
      39.967     0.999316        49962      1462.86
      41.343     0.999414        49967      1706.67
      43.583     0.999512        49972      2048.00
      44.031     0.999561        49975      2275.56
      44.319     0.999609        49977      2560.00
      46.783     0.999658        49980      2925.71
      46.943     0.999707        49982      3413.33
      48.479     0.999756        49984      4096.00
      49.567     0.999780        49986      4551.11
      49.631     0.999805        49987      5120.00
      51.423     0.999829        49988      5851.43
      52.447     0.999854        49989      6826.67
      52.671     0.999878        49990      8192.00
      53.119     0.999890        49991      9102.22
      54.207     0.999902        49992     10240.00
      54.207     0.999915        49992     11702.86
      54.399     0.999927        49993     13653.33
      54.399     0.999939        49993     16384.00
      56.351     0.999945        49994     18204.44
      56.351     0.999951        49994     20480.00
      56.351     0.999957        49994     23405.71
      58.687     0.999963        49995     27306.67
      58.687     0.999969        49995     32768.00
      58.687     0.999973        49995     36408.89
      58.687     0.999976        49995     40960.00
      58.687     0.999979        49995     46811.43
      61.919     0.999982        49996     54613.33
      61.919     1.000000        49996          inf
#[Mean    =        1.647, StdDeviation   =        1.864]
#[Max     =       61.888, Total count    =        49996]
#[Buckets =           27, SubBuckets     =         2048]
----------------------------------------------------------
  60004 requests in 1.00m, 3.89MB read
Requests/sec:   1000.02
Transfer/sec:     66.41KB
