Running 1m test @ http://localhost:8080
  4 threads and 4 connections
  Thread calibration: mean lat.: 1.489ms, rate sampling interval: 10ms
  Thread calibration: mean lat.: 1.533ms, rate sampling interval: 10ms
  Thread calibration: mean lat.: 1.419ms, rate sampling interval: 10ms
  Thread calibration: mean lat.: 1.595ms, rate sampling interval: 10ms
  Thread Stats   Avg      Stdev     Max   +/- Stdev
    Latency     1.52ms  634.37us  14.82ms   84.53%
    Req/Sec   263.81     54.53   555.00     58.39%
  Latency Distribution (HdrHistogram - Recorded Latency)
 50.000%    1.45ms
 75.000%    1.75ms
 90.000%    2.10ms
 99.000%    3.66ms
 99.900%    7.72ms
 99.990%   11.28ms
 99.999%   14.83ms
100.000%   14.83ms

  Detailed Percentile spectrum:
       Value   Percentile   TotalCount 1/(1-Percentile)

       0.286     0.000000            1         1.00
       0.946     0.100000         5013         1.11
       1.098     0.200000        10000         1.25
       1.223     0.300000        15042         1.43
       1.334     0.400000        19998         1.67
       1.445     0.500000        25021         2.00
       1.499     0.550000        27514         2.22
       1.559     0.600000        30020         2.50
       1.620     0.650000        32502         2.86
       1.684     0.700000        35034         3.33
       1.754     0.750000        37503         4.00
       1.791     0.775000        38770         4.44
       1.831     0.800000        40004         5.00
       1.878     0.825000        41254         5.71
       1.942     0.850000        42498         6.67
       2.010     0.875000        43751         8.00
       2.051     0.887500        44399         8.89
       2.099     0.900000        45022        10.00
       2.153     0.912500        45631        11.43
       2.215     0.925000        46261        13.33
       2.283     0.937500        46872        16.00
       2.327     0.943750        47188        17.78
       2.373     0.950000        47498        20.00
       2.429     0.956250        47812        22.86
       2.499     0.962500        48124        26.67
       2.595     0.968750        48440        32.00
       2.653     0.971875        48594        35.56
       2.721     0.975000        48750        40.00
       2.805     0.978125        48902        45.71
       2.915     0.981250        49059        53.33
       3.093     0.984375        49214        64.00
       3.195     0.985938        49292        71.11
       3.329     0.987500        49371        80.00
       3.535     0.989062        49449        91.43
       3.751     0.990625        49527       106.67
       4.063     0.992188        49605       128.00
       4.275     0.992969        49644       142.22
       4.531     0.993750        49683       160.00
       4.851     0.994531        49722       182.86
       5.239     0.995313        49761       213.33
       5.675     0.996094        49801       256.00
       5.823     0.996484        49820       284.44
       6.055     0.996875        49839       320.00
       6.215     0.997266        49859       365.71
       6.439     0.997656        49878       426.67
       6.747     0.998047        49898       512.00
       6.923     0.998242        49908       568.89
       7.019     0.998437        49917       640.00
       7.207     0.998633        49927       731.43
       7.611     0.998828        49937       853.33
       7.799     0.999023        49947      1024.00
       7.947     0.999121        49952      1137.78
       8.207     0.999219        49956      1280.00
       8.775     0.999316        49961      1462.86
       8.943     0.999414        49967      1706.67
       9.519     0.999512        49971      2048.00
       9.655     0.999561        49974      2275.56
       9.735     0.999609        49976      2560.00
       9.863     0.999658        49978      2925.71
      10.375     0.999707        49981      3413.33
      10.455     0.999756        49983      4096.00
      10.799     0.999780        49985      4551.11
      10.847     0.999805        49986      5120.00
      11.039     0.999829        49987      5851.43
      11.079     0.999854        49988      6826.67
      11.279     0.999878        49990      8192.00
      11.279     0.999890        49990      9102.22
      11.895     0.999902        49991     10240.00
      11.895     0.999915        49991     11702.86
      12.847     0.999927        49992     13653.33
      12.847     0.999939        49992     16384.00
      13.335     0.999945        49993     18204.44
      13.335     0.999951        49993     20480.00
      13.335     0.999957        49993     23405.71
      13.967     0.999963        49994     27306.67
      13.967     0.999969        49994     32768.00
      13.967     0.999973        49994     36408.89
      13.967     0.999976        49994     40960.00
      13.967     0.999979        49994     46811.43
      14.831     0.999982        49995     54613.33
      14.831     1.000000        49995          inf
#[Mean    =        1.525, StdDeviation   =        0.634]
#[Max     =       14.824, Total count    =        49995]
#[Buckets =           27, SubBuckets     =         2048]
----------------------------------------------------------
  60004 requests in 1.00m, 3.95MB read
  Non-2xx or 3xx responses: 60004
Requests/sec:   1000.04
Transfer/sec:     67.39KB
