Running 1m test @ http://localhost:8080
  4 threads and 4 connections
  Thread calibration: mean lat.: 2379.060ms, rate sampling interval: 8519ms
  Thread calibration: mean lat.: 2364.853ms, rate sampling interval: 8445ms
  Thread calibration: mean lat.: 2352.305ms, rate sampling interval: 8470ms
  Thread calibration: mean lat.: 2376.296ms, rate sampling interval: 8544ms
  Thread Stats   Avg      Stdev     Max   +/- Stdev
    Latency    16.12s     6.59s   27.72s    59.00%
    Req/Sec   134.55      2.20   138.00     80.00%
  Latency Distribution (HdrHistogram - Recorded Latency)
 50.000%   16.08s 
 75.000%   21.73s 
 90.000%   25.41s 
 99.000%   27.46s 
 99.900%   27.69s 
 99.990%   27.72s 
 99.999%   27.74s 
100.000%   27.74s 

  Detailed Percentile spectrum:
       Value   Percentile   TotalCount 1/(1-Percentile)

    4620.287     0.000000            1         1.00
    7045.119     0.100000         2699         1.11
    9486.335     0.200000         5402         1.25
   11558.911     0.300000         8092         1.43
   13762.559     0.400000        10790         1.67
   16080.895     0.500000        13485         2.00
   17317.887     0.550000        14853         2.22
   18448.383     0.600000        16180         2.50
   19496.959     0.650000        17540         2.86
   20594.687     0.700000        18883         3.33
   21725.183     0.750000        20230         4.00
   22364.159     0.775000        20912         4.44
   22921.215     0.800000        21582         5.00
   23576.575     0.825000        22257         5.71
   24166.399     0.850000        22935         6.67
   24772.607     0.875000        23597         8.00
   25067.519     0.887500        23945         8.89
   25411.583     0.900000        24285        10.00
   25722.879     0.912500        24622        11.43
   25985.023     0.925000        24950        13.33
   26230.783     0.937500        25288        16.00
   26378.239     0.943750        25455        17.78
   26525.695     0.950000        25640        20.00
   26623.999     0.956250        25789        22.86
   26755.071     0.962500        25962        26.67
   26935.295     0.968750        26126        32.00
   27033.599     0.971875        26211        35.56
   27131.903     0.975000        26297        40.00
   27213.823     0.978125        26400        45.71
   27262.975     0.981250        26464        53.33
   27344.895     0.984375        26554        64.00
   27377.663     0.985938        26597        71.11
   27410.431     0.987500        26649        80.00
   27426.815     0.989062        26673        91.43
   27475.967     0.990625        26740       106.67
   27492.351     0.992188        26763       128.00
   27508.735     0.992969        26780       142.22
   27525.119     0.993750        26801       160.00
   27541.503     0.994531        26828       182.86
   27557.887     0.995313        26850       213.33
   27574.271     0.996094        26864       256.00
   27590.655     0.996484        26880       284.44
   27607.039     0.996875        26888       320.00
   27623.423     0.997266        26897       365.71
   27639.807     0.997656        26915       426.67
   27639.807     0.998047        26915       512.00
   27656.191     0.998242        26927       568.89
   27656.191     0.998437        26927       640.00
   27672.575     0.998633        26938       731.43
   27672.575     0.998828        26938       853.33
   27688.959     0.999023        26946      1024.00
   27688.959     0.999121        26946      1137.78
   27688.959     0.999219        26946      1280.00
   27705.343     0.999316        26954      1462.86
   27705.343     0.999414        26954      1706.67
   27705.343     0.999512        26954      2048.00
   27721.727     0.999561        26964      2275.56
   27721.727     0.999609        26964      2560.00
   27721.727     0.999658        26964      2925.71
   27721.727     0.999707        26964      3413.33
   27721.727     0.999756        26964      4096.00
   27721.727     0.999780        26964      4551.11
   27721.727     0.999805        26964      5120.00
   27721.727     0.999829        26964      5851.43
   27721.727     0.999854        26964      6826.67
   27721.727     0.999878        26964      8192.00
   27721.727     0.999890        26964      9102.22
   27721.727     0.999902        26964     10240.00
   27721.727     0.999915        26964     11702.86
   27738.111     0.999927        26966     13653.33
   27738.111     1.000000        26966          inf
#[Mean    =    16124.849, StdDeviation   =     6590.796]
#[Max     =    27721.728, Total count    =        26966]
#[Buckets =           27, SubBuckets     =         2048]
----------------------------------------------------------
  32334 requests in 1.00m, 2.19MB read
Requests/sec:    538.87
Transfer/sec:     37.29KB
