Running 1m test @ http://localhost:8080
  4 threads and 4 connections
  Thread calibration: mean lat.: 1.707ms, rate sampling interval: 10ms
  Thread calibration: mean lat.: 1.781ms, rate sampling interval: 10ms
  Thread calibration: mean lat.: 1.760ms, rate sampling interval: 10ms
  Thread calibration: mean lat.: 1.740ms, rate sampling interval: 10ms
  Thread Stats   Avg      Stdev     Max   +/- Stdev
    Latency     1.74ms  790.35us  11.38ms   81.47%
    Req/Sec   263.32     56.83   555.00     56.52%
  Latency Distribution (HdrHistogram - Recorded Latency)
 50.000%    1.67ms
 75.000%    2.04ms
 90.000%    2.45ms
 99.000%    5.24ms
 99.900%    7.91ms
 99.990%   10.53ms
 99.999%   11.38ms
100.000%   11.38ms

  Detailed Percentile spectrum:
       Value   Percentile   TotalCount 1/(1-Percentile)

       0.278     0.000000            1         1.00
       0.945     0.100000         5017         1.11
       1.167     0.200000        10011         1.25
       1.355     0.300000        15014         1.43
       1.526     0.400000        20021         1.67
       1.673     0.500000        25003         2.00
       1.741     0.550000        27507         2.22
       1.810     0.600000        30036         2.50
       1.880     0.650000        32517         2.86
       1.957     0.700000        35007         3.33
       2.041     0.750000        37515         4.00
       2.089     0.775000        38748         4.44
       2.143     0.800000        40011         5.00
       2.201     0.825000        41253         5.71
       2.271     0.850000        42525         6.67
       2.351     0.875000        43773         8.00
       2.397     0.887500        44390         8.89
       2.449     0.900000        45008        10.00
       2.509     0.912500        45632        11.43
       2.577     0.925000        46251        13.33
       2.663     0.937500        46876        16.00
       2.715     0.943750        47187        17.78
       2.777     0.950000        47501        20.00
       2.851     0.956250        47813        22.86
       2.955     0.962500        48124        26.67
       3.109     0.968750        48434        32.00
       3.223     0.971875        48591        35.56
       3.359     0.975000        48746        40.00
       3.529     0.978125        48902        45.71
       3.739     0.981250        49058        53.33
       4.033     0.984375        49214        64.00
       4.199     0.985938        49292        71.11
       4.527     0.987500        49371        80.00
       4.943     0.989062        49449        91.43
       5.431     0.990625        49527       106.67
       5.795     0.992188        49605       128.00
       5.955     0.992969        49644       142.22
       6.143     0.993750        49683       160.00
       6.363     0.994531        49722       182.86
       6.575     0.995313        49761       213.33
       6.803     0.996094        49800       256.00
       6.911     0.996484        49820       284.44
       6.995     0.996875        49840       320.00
       7.115     0.997266        49859       365.71
       7.231     0.997656        49878       426.67
       7.419     0.998047        49898       512.00
       7.527     0.998242        49910       568.89
       7.603     0.998437        49918       640.00
       7.655     0.998633        49927       731.43
       7.823     0.998828        49937       853.33
       7.939     0.999023        49947      1024.00
       8.031     0.999121        49953      1137.78
       8.059     0.999219        49956      1280.00
       8.263     0.999316        49961      1462.86
       8.567     0.999414        49966      1706.67
       8.983     0.999512        49972      2048.00
       9.143     0.999561        49974      2275.56
       9.447     0.999609        49978      2560.00
       9.447     0.999658        49978      2925.71
       9.687     0.999707        49981      3413.33
       9.815     0.999756        49983      4096.00
       9.951     0.999780        49985      4551.11
      10.119     0.999805        49986      5120.00
      10.135     0.999829        49987      5851.43
      10.239     0.999854        49988      6826.67
      10.423     0.999878        49989      8192.00
      10.535     0.999890        49990      9102.22
      10.559     0.999902        49991     10240.00
      10.559     0.999915        49991     11702.86
      11.023     0.999927        49992     13653.33
      11.023     0.999939        49992     16384.00
      11.039     0.999945        49993     18204.44
      11.039     0.999951        49993     20480.00
      11.039     0.999957        49993     23405.71
      11.319     0.999963        49994     27306.67
      11.319     0.999969        49994     32768.00
      11.319     0.999973        49994     36408.89
      11.319     0.999976        49994     40960.00
      11.319     0.999979        49994     46811.43
      11.383     0.999982        49995     54613.33
      11.383     1.000000        49995          inf
#[Mean    =        1.741, StdDeviation   =        0.790]
#[Max     =       11.376, Total count    =        49995]
#[Buckets =           27, SubBuckets     =         2048]
----------------------------------------------------------
  60004 requests in 1.00m, 3.83MB read
Requests/sec:   1000.02
Transfer/sec:     65.43KB
